timestamp,ax,ay,az,gx,gy,gz,label,activity,subject
0,-0.201,-0.392,-0.249,0.1752,0.0284,0.9786,0,cloth,subject_10
0.01,-0.122,-0.368,-0.288,0.1682,0.0473,0.9821,0,cloth,subject_10
0.02,-0.066,-0.362,-0.364,0.1614,0.0638,0.9841,0,cloth,subject_10
0.03,-0.086,-0.382,-0.344,0.1555,0.079,0.9846,0,cloth,subject_10
0.04,-0.248,-0.366,-0.214,0.1502,0.0963,0.9835,0,cloth,subject_10
0.05,-0.206,-0.26,-0.252,0.1448,0.1148,0.9811,0,cloth,subject_10
0.06,-0.094,-0.198,-0.333,0.1397,0.1311,0.9776,0,cloth,subject_10
0.07,-0.064,-0.258,-0.363,0.1365,0.1428,0.9737,0,cloth,subject_10
0.08,-0.063,-0.324,-0.281,0.1357,0.1523,0.969,0,cloth,subject_10
0.09,-0.185,-0.416,-0.17,0.1362,0.1633,0.963,0,cloth,subject_10
0.1,-0.185,-0.45,-0.136,0.1363,0.1799,0.955,0,cloth,subject_10
0.11,-0.123,-0.363,-0.131,0.1355,0.201,0.9447,0,cloth,subject_10
0.12,-0.111,-0.309,-0.132,0.1348,0.2227,0.9327,0,cloth,subject_10
0.13,-0.082,-0.261,-0.059,0.1353,0.2419,0.92,0,cloth,subject_10
0.14,-0.17,-0.28,0.005,0.1372,0.2593,0.9063,0,cloth,subject_10
0.15,-0.139,-0.247,0.007,0.1386,0.2781,0.8907,0,cloth,subject_10
0.16,-0.07,-0.238,-0.047,0.1377,0.2994,0.8733,0,cloth,subject_10
0.17,-0.089,-0.16,-0.079,0.1338,0.324,0.8539,0,cloth,subject_10
0.18,-0.026,-0.032,-0.051,0.1292,0.3488,0.8332,0,cloth,subject_10
0.19,0.113,-0.045,-0.14,0.1263,0.3696,0.8134,0,cloth,subject_10
0.2,0.06,-0.2,-0.058,0.124,0.3872,0.7947,0,cloth,subject_10
0.21,0.023,-0.287,0.067,0.1181,0.4084,0.7744,0,cloth,subject_10
0.22,0.038,-0.186,-0.032,0.1073,0.4323,0.7518,0,cloth,subject_10
0.23,0.147,-0.104,-0.083,0.0953,0.4539,0.7291,0,cloth,subject_10
0.24,0.228,-0.226,-0.148,0.0824,0.4715,0.7095,0,cloth,subject_10
0.25,0.153,-0.259,-0.132,0.066,0.4902,0.6894,0,cloth,subject_10
0.26,0.183,-0.023,-0.156,0.0473,0.5123,0.6666,0,cloth,subject_10
0.27,0.302,0.143,-0.179,0.0315,0.5312,0.6479,0,cloth,subject_10
0.28,0.142,-0.282,-0.018,0.0168,0.5477,0.6349,0,cloth,subject_10
0.29,-0.044,-0.385,0.144,-0.0038,0.5697,0.6193,0,cloth,subject_10
0.3,-0.051,0.162,0.214,-0.0248,0.5934,0.6028,0,cloth,subject_10
0.31,-0.22,0.454,0.289,-0.0349,0.6042,0.5983,0,cloth,subject_10
0.32,-0.375,0.065,0.173,-0.0365,0.6001,0.6075,0,cloth,subject_10
0.33,-0.196,0.067,0.004,-0.0383,0.5925,0.618,0,cloth,subject_10
0.34,-0.098,0.206,0.231,-0.0377,0.5824,0.6293,0,cloth,subject_10
0.35,-0.086,0.543,-0.057,-0.0324,0.5648,0.6448,0,cloth,subject_10
0.36,-0.147,0.237,-0.176,-0.0188,0.5367,0.6677,0,cloth,subject_10
0.37,0.009,0.33,-0.1,-0.002,0.5066,0.6901,0,cloth,subject_10
0.38,-0.011,0.242,0.017,0.0153,0.4765,0.71,0,cloth,subject_10
0.39,-0.119,0.205,-0.111,0.0332,0.4458,0.7276,0,cloth,subject_10
0.4,-0.061,0.249,-0.16,0.0538,0.4132,0.7431,0,cloth,subject_10
0.41,-0.019,0.27,-0.164,0.0755,0.3807,0.7568,0,cloth,subject_10
0.42,0.076,0.424,0.063,0.0961,0.3514,0.7689,0,cloth,subject_10
0.43,0.105,0.227,0.026,0.1174,0.3203,0.7822,0,cloth,subject_10
0.44,0.076,-0.056,0.004,0.1386,0.2889,0.7951,0,cloth,subject_10
0.45,0.042,-0.167,0.1,0.1565,0.2622,0.804,0,cloth,subject_10
0.46,0.031,-0.208,0.078,0.1702,0.2408,0.8084,0,cloth,subject_10
0.47,0.014,-0.127,0.061,0.1791,0.224,0.8086,0,cloth,subject_10
0.48,-0.01,-0.089,0.02,0.1855,0.2087,0.8059,0,cloth,subject_10
0.49,0.009,-0.023,-0.081,0.1905,0.1939,0.8012,0,cloth,subject_10
0.5,0.028,0.022,-0.126,0.1951,0.1813,0.7955,0,cloth,subject_10
0.51,0.065,0.044,-0.048,0.2009,0.1689,0.7897,0,cloth,subject_10
0.52,0.088,0.037,0.033,0.2089,0.1545,0.7847,0,cloth,subject_10
0.53,0.068,-0.08,0.015,0.22,0.1374,0.78,0,cloth,subject_10
0.54,0.121,-0.026,-0.014,0.2296,0.1236,0.7741,0,cloth,subject_10
0.55,0.191,-0.01,-0.006,0.2355,0.1166,0.7672,0,cloth,subject_10
0.56,0.176,0.06,0.193,0.2381,0.1179,0.7594,0,cloth,subject_10
0.57,0.095,0.795,1.236,0.2422,0.117,0.7528,0,cloth,subject_10
0.58,0.139,0.214,0.035,0.2538,0.102,0.7523,0,cloth,subject_10
0.59,0.132,-0.063,0.217,0.2555,0.0932,0.7524,0,cloth,subject_10
0.6,0.294,-0.072,0.228,0.2499,0.0917,0.7506,0,cloth,subject_10
0.61,0.127,-0.053,0.094,0.2449,0.0937,0.747,0,cloth,subject_10
0.62,0.174,-0.074,0.184,0.2411,0.0971,0.7417,0,cloth,subject_10
0.63,0.157,-0.189,0.092,0.2368,0.1021,0.737,0,cloth,subject_10
0.64,0.179,0,0.101,0.2303,0.1093,0.7321,0,cloth,subject_10
0.65,0.174,-0.039,0.055,0.2241,0.1158,0.727,0,cloth,subject_10
0.66,0.136,-0.039,0.062,0.2199,0.1207,0.7224,0,cloth,subject_10
0.67,0.129,-0.009,0.086,0.2175,0.1224,0.7187,0,cloth,subject_10
0.68,0.112,-0.064,0.054,0.2163,0.122,0.7155,0,cloth,subject_10
0.69,0.108,-0.003,0.094,0.2134,0.1223,0.7121,0,cloth,subject_10
0.7,0.137,0.076,0.098,0.2093,0.1236,0.7086,0,cloth,subject_10
0.71,0.142,0.067,0.041,0.2065,0.1237,0.7053,0,cloth,subject_10
0.72,0.159,0.058,0.007,0.2049,0.123,0.7025,0,cloth,subject_10
0.73,0.129,0.083,-0.007,0.2041,0.1221,0.7006,0,cloth,subject_10
0.74,0.092,0.088,0.031,0.2036,0.1214,0.6992,0,cloth,subject_10
0.75,0.087,0.049,0.046,0.2035,0.1201,0.6985,0,cloth,subject_10
0.76,0.109,0.058,0.044,0.2038,0.1181,0.6984,0,cloth,subject_10
0.77,0.151,0.052,0.007,0.206,0.1148,0.6989,0,cloth,subject_10
0.78,0.131,-0.004,0,0.2084,0.111,0.7,0,cloth,subject_10
0.79,0.121,0.004,0.051,0.2102,0.1078,0.701,0,cloth,subject_10
0.8,0.124,-0.014,0.074,0.2118,0.1047,0.7018,0,cloth,subject_10
0.81,0.194,0.004,0.079,0.2134,0.1022,0.7022,0,cloth,subject_10
0.82,0.216,-0.006,0.049,0.215,0.1002,0.7024,0,cloth,subject_10
0.83,0.192,0,0.041,0.216,0.0987,0.7024,0,cloth,subject_10
0.84,0.169,0.014,0.037,0.2162,0.0976,0.7023,0,cloth,subject_10
0.85,0.17,0,0.011,0.2167,0.0964,0.7022,0,cloth,subject_10
0.86,0.151,-0.011,0.001,0.2167,0.0946,0.7022,0,cloth,subject_10
0.87,0.131,-0.009,0.029,0.217,0.093,0.7021,0,cloth,subject_10
0.88,0.087,-0.023,0.075,0.2174,0.0913,0.7019,0,cloth,subject_10
0.89,0.039,-0.031,0.095,0.2175,0.0895,0.7015,0,cloth,subject_10
0.9,0.044,0.016,0.062,0.2169,0.0882,0.7011,0,cloth,subject_10
0.91,0.059,0.075,0.035,0.2158,0.0873,0.7008,0,cloth,subject_10
0.92,0.062,0.067,0.023,0.2151,0.0861,0.7008,0,cloth,subject_10
0.93,0.073,0.104,0.059,0.2148,0.0846,0.7011,0,cloth,subject_10
0.94,0.075,0.066,0.046,0.2148,0.0829,0.7018,0,cloth,subject_10
0.95,0.094,0.03,0.034,0.2145,0.0808,0.7029,0,cloth,subject_10
0.96,0.112,0.017,0.045,0.2142,0.079,0.7041,0,cloth,subject_10
0.97,0.114,0.004,0.045,0.2139,0.0773,0.7055,0,cloth,subject_10
0.98,0.113,-0.004,0.046,0.2136,0.0759,0.7069,0,cloth,subject_10
0.99,0.103,-0.01,0.032,0.2134,0.0747,0.7082,0,cloth,subject_10
1,0.113,0,0.03,0.213,0.0738,0.7095,0,cloth,subject_10
1.01,0.107,-0.028,0.056,0.2129,0.0733,0.7108,0,cloth,subject_10
1.02,0.108,-0.039,0.034,0.2124,0.0736,0.712,0,cloth,subject_10
1.03,0.129,-0.035,0.027,0.2113,0.0746,0.7129,0,cloth,subject_10
1.04,0.109,-0.047,0.059,0.2095,0.0765,0.7133,0,cloth,subject_10
1.05,0.077,-0.101,0.088,0.2074,0.0805,0.7133,0,cloth,subject_10
1.06,0.072,-0.101,0.07,0.2035,0.0867,0.7128,0,cloth,subject_10
1.07,0.1,-0.126,0.06,0.1978,0.0958,0.7114,0,cloth,subject_10
1.08,0.048,-0.051,0.195,0.1898,0.1075,0.7088,0,cloth,subject_10
1.09,0.081,-0.021,0.183,0.1797,0.1206,0.7054,0,cloth,subject_10
1.1,0.089,-0.039,0.129,0.1672,0.1357,0.7007,0,cloth,subject_10
1.11,0.154,0.046,0.125,0.1531,0.1529,0.6944,0,cloth,subject_10
1.12,0.057,-0.008,0.189,0.1378,0.1701,0.6873,0,cloth,subject_10
1.13,0.005,-0.017,0.213,0.1228,0.1859,0.6801,0,cloth,subject_10
1.14,-0.021,-0.054,0.207,0.1082,0.1993,0.6733,0,cloth,subject_10
1.15,0.001,-0.034,0.147,0.0925,0.2111,0.6665,0,cloth,subject_10
1.16,-0.045,0.026,0.111,0.0763,0.2214,0.6601,0,cloth,subject_10
1.17,-0.012,0.013,0.051,0.063,0.228,0.6549,0,cloth,subject_10
1.18,-0.026,-0.055,0,0.0548,0.229,0.6507,0,cloth,subject_10
1.19,0.088,-0.101,-0.05,0.0504,0.2265,0.6468,0,cloth,subject_10
1.2,0.061,-0.094,-0.031,0.0459,0.2237,0.6425,0,cloth,subject_10
1.21,0.134,-0.029,-0.02,0.0394,0.2228,0.6379,0,cloth,subject_10
1.22,0.109,-0.004,-0.055,0.0315,0.2228,0.6334,0,cloth,subject_10
1.23,0.104,0.02,-0.106,0.024,0.2232,0.629,0,cloth,subject_10
1.24,0.109,-0.036,-0.147,0.0175,0.2237,0.6247,0,cloth,subject_10
1.25,0.167,-0.042,-0.146,0.0118,0.225,0.6203,0,cloth,subject_10
1.26,0.079,-0.038,-0.09,0.0063,0.2273,0.6158,0,cloth,subject_10
1.27,0.039,0.008,-0.084,0.0009,0.2303,0.6109,0,cloth,subject_10
1.28,0.042,0.027,-0.156,-0.0039,0.2326,0.6063,0,cloth,subject_10
1.29,0.013,0.072,-0.174,-0.0068,0.2325,0.6022,0,cloth,subject_10
1.3,-0.021,0.347,0.012,-0.007,0.2289,0.5992,0,cloth,subject_10
1.31,-0.123,0.302,0.044,-0.0031,0.219,0.6,0,cloth,subject_10
1.32,-0.097,0.302,-0.058,0.0033,0.2028,0.6042,0,cloth,subject_10
1.33,-0.14,0.276,-0.086,0.0123,0.1819,0.6108,0,cloth,subject_10
1.34,-0.139,0.169,-0.072,0.0247,0.157,0.6184,0,cloth,subject_10
1.35,-0.176,0.12,-0.014,0.0378,0.1296,0.6259,0,cloth,subject_10
1.36,-0.172,0.166,-0.081,0.0517,0.1001,0.6329,0,cloth,subject_10
1.37,-0.052,0.209,-0.156,0.0681,0.0691,0.6395,0,cloth,subject_10
1.38,0.004,0.096,-0.138,0.087,0.0378,0.6454,0,cloth,subject_10
1.39,0.151,-0.012,-0.204,0.1064,0.0082,0.6498,0,cloth,subject_10
1.4,0.137,-0.056,-0.143,0.1219,-0.0139,0.6526,0,cloth,subject_10
1.41,0.16,0.001,-0.108,0.1317,-0.028,0.6541,0,cloth,subject_10
1.42,0.117,0.037,-0.053,0.1385,-0.0382,0.6545,0,cloth,subject_10
1.43,0.119,0.018,-0.095,0.1471,-0.0478,0.6541,0,cloth,subject_10
1.44,0.141,0.067,-0.016,0.1586,-0.0569,0.6531,0,cloth,subject_10
1.45,0.064,-0.005,0.036,0.1746,-0.0676,0.6515,0,cloth,subject_10
1.46,0.039,0.015,0.018,0.1928,-0.079,0.6492,0,cloth,subject_10
1.47,-0.005,-0.006,0.019,0.2106,-0.0902,0.6465,0,cloth,subject_10
1.48,-0.048,-0.058,0.054,0.2271,-0.1011,0.644,0,cloth,subject_10
1.49,-0.008,0.057,0.048,0.2417,-0.1113,0.6418,0,cloth,subject_10
1.5,0.075,0.106,-0.037,0.2556,-0.1218,0.6397,0,cloth,subject_10
1.51,0.073,0.063,-0.053,0.2686,-0.1313,0.6379,0,cloth,subject_10
1.52,0.061,0.075,-0.032,0.2783,-0.1376,0.6372,0,cloth,subject_10
1.53,0.071,0.031,0.001,0.2837,-0.14,0.6384,0,cloth,subject_10
1.54,0.086,0.056,0.029,0.2871,-0.1405,0.6409,0,cloth,subject_10
1.55,0.111,0.068,-0.013,0.2919,-0.1416,0.6442,0,cloth,subject_10
1.56,0.141,0.024,-0.013,0.3007,-0.1447,0.6471,0,cloth,subject_10
1.57,0.158,-0.09,0.045,0.3122,-0.1491,0.6491,0,cloth,subject_10
1.58,0.144,-0.141,0.124,0.3224,-0.1528,0.6506,0,cloth,subject_10
1.59,0.169,-0.1,0.167,0.3297,-0.1552,0.6522,0,cloth,subject_10
1.6,0.189,-0.074,0.158,0.335,-0.157,0.6542,0,cloth,subject_10
1.61,0.224,-0.048,0.12,0.3391,-0.1595,0.6559,0,cloth,subject_10
1.62,0.25,-0.024,0.097,0.3436,-0.163,0.6575,0,cloth,subject_10
1.63,0.244,-0.038,0.099,0.3487,-0.1679,0.6581,0,cloth,subject_10
1.64,0.193,-0.149,0.144,0.3536,-0.1733,0.6581,0,cloth,subject_10
1.65,0.15,-0.214,0.237,0.3557,-0.1775,0.658,0,cloth,subject_10
1.66,0.115,-0.174,0.241,0.3533,-0.1795,0.658,0,cloth,subject_10
1.67,0.058,-0.187,0.226,0.3467,-0.1801,0.6579,0,cloth,subject_10
1.68,0.033,-0.072,0.236,0.3368,-0.1801,0.6575,0,cloth,subject_10
1.69,0.037,0.034,0.21,0.3278,-0.1818,0.6566,0,cloth,subject_10
1.7,0.034,0.087,0.175,0.321,-0.1862,0.6549,0,cloth,subject_10
1.71,-0.025,0.123,0.141,0.3152,-0.192,0.6533,0,cloth,subject_10
1.72,-0.017,0.183,0.056,0.3094,-0.1977,0.6525,0,cloth,subject_10
1.73,-0.046,0.296,0.028,0.3035,-0.2014,0.6528,0,cloth,subject_10
1.74,-0.124,-0.045,-0.038,0.2992,-0.206,0.6541,0,cloth,subject_10
1.75,-0.06,0.153,-0.093,0.2939,-0.2072,0.6559,0,cloth,subject_10
1.76,-0.097,0.116,-0.042,0.2867,-0.2066,0.6588,0,cloth,subject_10
1.77,-0.098,0.105,-0.019,0.2804,-0.2059,0.662,0,cloth,subject_10
1.78,-0.086,0.037,-0.1,0.2762,-0.2045,0.6653,0,cloth,subject_10
1.79,-0.027,0.069,-0.177,0.2731,-0.2022,0.6685,0,cloth,subject_10
1.8,0.015,0.085,-0.176,0.2713,-0.1994,0.6717,0,cloth,subject_10
1.81,0.033,0.016,-0.131,0.2709,-0.1969,0.6749,0,cloth,subject_10
1.82,0.066,-0.053,-0.086,0.2703,-0.1942,0.6783,0,cloth,subject_10
1.83,0.071,-0.103,-0.039,0.2684,-0.1906,0.682,0,cloth,subject_10
1.84,0.1,-0.08,-0.033,0.267,-0.1882,0.6855,0,cloth,subject_10
1.85,0.127,-0.08,-0.061,0.2674,-0.1882,0.6882,0,cloth,subject_10
1.86,0.094,-0.064,-0.035,0.2695,-0.1906,0.6898,0,cloth,subject_10
1.87,0.023,-0.055,0.036,0.2731,-0.1953,0.6906,0,cloth,subject_10
1.88,-0.004,-0.074,0.064,0.276,-0.2,0.6919,0,cloth,subject_10
1.89,0.013,-0.004,0.113,0.277,-0.2046,0.6941,0,cloth,subject_10
1.9,-0.02,0.019,0.232,0.2776,-0.2104,0.6967,0,cloth,subject_10
1.91,-0.127,-0.145,0.312,0.279,-0.2195,0.6993,0,cloth,subject_10
1.92,-0.087,-0.063,0.243,0.2779,-0.2293,0.7025,0,cloth,subject_10
1.93,-0.002,0.094,0.143,0.2748,-0.2399,0.7068,0,cloth,subject_10
1.94,0.029,0.09,0.137,0.2724,-0.2534,0.7106,0,cloth,subject_10
1.95,-0.013,0.014,0.164,0.271,-0.2684,0.7146,0,cloth,subject_10
1.96,0.077,0.017,0.067,0.2685,-0.2834,0.7187,0,cloth,subject_10
1.97,0.121,0.019,0.011,0.2646,-0.2973,0.7233,0,cloth,subject_10
1.98,0.122,-0.01,-0.029,0.2606,-0.3106,0.7273,0,cloth,subject_10
1.99,0.076,-0.136,0.065,0.2553,-0.3217,0.7317,0,cloth,subject_10
2,0.03,-0.237,0.149,0.2461,-0.3283,0.738,0,cloth,subject_10
2.01,0.041,-0.296,0.125,0.2323,-0.3312,0.7458,0,cloth,subject_10
2.02,0.119,-0.173,0.066,0.216,-0.3323,0.754,0,cloth,subject_10
2.03,0.25,-0.107,0.032,0.2006,-0.3339,0.7602,0,cloth,subject_10
2.04,0.442,-0.125,0.096,0.1884,-0.3378,0.7626,0,cloth,subject_10
2.05,0.669,-0.381,0.109,0.1794,-0.3417,0.7613,0,cloth,subject_10
2.06,0.702,-0.556,0.051,0.17,-0.3404,0.7585,0,cloth,subject_10
2.07,0.99,-0.361,-0.18,0.1582,-0.3299,0.7543,0,cloth,subject_10
2.08,1.344,-0.353,-0.187,0.1496,-0.3135,0.745,0,cloth,subject_10
2.09,1.266,-0.458,-0.208,0.1452,-0.2907,0.7289,0,cloth,subject_10
2.1,1.02,-0.342,-0.641,0.1413,-0.2609,0.7054,0,cloth,subject_10
2.11,0.843,-0.216,-1.289,0.1409,-0.2281,0.674,0,cloth,subject_10
2.12,0.631,-0.13,-1.54,0.1472,-0.1932,0.6369,0,cloth,subject_10
2.13,0.36,-0.152,-1.585,0.1595,-0.1569,0.5962,0,cloth,subject_10
2.14,0.151,-0.271,-1.526,0.1741,-0.1201,0.5543,0,cloth,subject_10
2.15,-0.075,-0.551,-1.366,0.1857,-0.0831,0.5125,0,cloth,subject_10
2.16,-0.25,-0.534,-1.112,0.1907,-0.0471,0.4704,0,cloth,subject_10
2.17,-0.497,-0.433,-0.79,0.1905,-0.0167,0.4279,0,cloth,subject_10
2.18,-0.775,-0.147,-0.412,0.1871,0.005,0.3866,0,cloth,subject_10
2.19,-0.82,0.124,-0.17,0.1849,0.0153,0.35,0,cloth,subject_10
2.2,-0.836,-0.032,0.032,0.1878,0.0138,0.3214,0,cloth,subject_10
2.21,-0.902,-0.211,0.232,0.1908,0.0017,0.3,0,cloth,subject_10
2.22,-0.827,-0.312,0.443,0.1907,-0.0193,0.2844,0,cloth,subject_10
2.23,-0.747,-0.055,0.499,0.1888,-0.0468,0.2727,0,cloth,subject_10
2.24,-0.624,0.138,0.462,0.1935,-0.0791,0.2654,0,cloth,subject_10
2.25,-0.466,0.207,0.376,0.2077,-0.1143,0.2621,0,cloth,subject_10
2.26,-0.327,0.003,0.435,0.2275,-0.1492,0.2612,0,cloth,subject_10
2.27,-0.193,-0.099,0.461,0.2448,-0.1822,0.2618,0,cloth,subject_10
2.28,-0.123,-0.181,0.426,0.2553,-0.2127,0.2636,0,cloth,subject_10
2.29,-0.025,-0.007,0.294,0.2591,-0.2414,0.2664,0,cloth,subject_10
2.3,0.099,0.152,0.154,0.2625,-0.268,0.2686,0,cloth,subject_10
2.31,0.14,0.116,0.151,0.2693,-0.2912,0.2693,0,cloth,subject_10
2.32,0.153,-0.024,0.149,0.2763,-0.3111,0.2686,0,cloth,subject_10
2.33,0.138,-0.174,0.11,0.2769,-0.3275,0.2686,0,cloth,subject_10
2.34,0.083,-0.085,0.004,0.2706,-0.3393,0.2699,0,cloth,subject_10
2.35,0.068,0.049,-0.008,0.2588,-0.3461,0.2718,0,cloth,subject_10
2.36,0.014,0.159,0.037,0.2444,-0.3484,0.273,0,cloth,subject_10
2.37,0.002,0.355,0.055,0.2334,-0.3493,0.2735,0,cloth,subject_10
2.38,-0.079,0.167,0.09,0.2301,-0.3517,0.2724,0,cloth,subject_10
2.39,-0.055,0.051,0.061,0.233,-0.356,0.2697,0,cloth,subject_10
2.4,0.003,-0.093,0.024,0.2404,-0.3625,0.2651,0,cloth,subject_10
2.41,0.014,-0.121,0.058,0.2498,-0.3717,0.2584,0,cloth,subject_10
2.42,0.015,-0.105,0.119,0.2602,-0.3831,0.2492,0,cloth,subject_10
2.43,-0.019,-0.056,0.144,0.2707,-0.3967,0.2381,0,cloth,subject_10
2.44,-0.007,0.172,0.098,0.279,-0.4127,0.2261,0,cloth,subject_10
2.45,-0.028,0.168,-0.062,0.2898,-0.4313,0.2117,0,cloth,subject_10
2.46,0.006,0.182,-0.115,0.3036,-0.4508,0.1942,0,cloth,subject_10
2.47,0.09,0.208,-0.054,0.3217,-0.4694,0.1733,0,cloth,subject_10
2.48,0.104,0.075,-0.074,0.3409,-0.4869,0.1508,0,cloth,subject_10
2.49,0.104,0.007,-0.153,0.3538,-0.5022,0.1309,0,cloth,subject_10
2.5,0.097,0.24,-0.137,0.357,-0.5135,0.1172,0,cloth,subject_10
2.51,0.088,0.428,-0.127,0.3541,-0.5202,0.11,0,cloth,subject_10
2.52,0.064,0.632,-0.245,0.3519,-0.5224,0.107,0,cloth,subject_10
2.53,0.057,0.44,-0.288,0.3579,-0.5197,0.1041,0,cloth,subject_10
2.54,-0.037,0.153,-0.204,0.3711,-0.5113,0.1011,0,cloth,subject_10
2.55,-0.117,-0.054,-0.04,0.3875,-0.4988,0.0993,0,cloth,subject_10
2.56,-0.059,-0.047,-0.038,0.4016,-0.4833,0.1006,0,cloth,subject_10
2.57,-0.006,-0.048,0.021,0.4113,-0.4661,0.1041,0,cloth,subject_10
2.58,-0.006,-0.019,0.062,0.4181,-0.4468,0.1088,0,cloth,subject_10
2.59,-0.007,-0.089,0.05,0.4253,-0.4274,0.1126,0,cloth,subject_10
2.6,-0.012,-0.124,0.17,0.4317,-0.4092,0.1147,0,cloth,subject_10
2.61,0.005,-0.076,0.202,0.436,-0.394,0.1158,0,cloth,subject_10
2.62,0.002,0.078,0.145,0.4363,-0.3815,0.1175,0,cloth,subject_10
2.63,-0.025,0.2,0.037,0.4331,-0.3709,0.1207,0,cloth,subject_10
2.64,-0.029,0.372,-0.018,0.4298,-0.3621,0.1246,0,cloth,subject_10
2.65,-0.002,0.4,-0.059,0.4303,-0.3549,0.127,0,cloth,subject_10
2.66,0.092,0.278,-0.013,0.4362,-0.3493,0.1278,0,cloth,subject_10
2.67,0.136,-0.037,0.11,0.4429,-0.3453,0.128,0,cloth,subject_10
2.68,0.143,-0.234,0.071,0.4432,-0.3437,0.1295,0,cloth,subject_10
2.69,0.146,-0.045,0.109,0.4364,-0.3453,0.1313,0,cloth,subject_10
2.7,0.094,0.069,0.229,0.4305,-0.3501,0.1301,0,cloth,subject_10
2.71,0.066,0,0.321,0.4294,-0.3581,0.1257,0,cloth,subject_10
2.72,0.09,0.028,0.331,0.4276,-0.3685,0.1214,0,cloth,subject_10
2.73,0.141,0.15,0.325,0.4221,-0.3803,0.1201,0,cloth,subject_10
2.74,0.123,0.332,0.251,0.4144,-0.392,0.1225,0,cloth,subject_10
2.75,0.156,0.285,0.082,0.4118,-0.4031,0.125,0,cloth,subject_10
2.76,0.107,0.018,0.004,0.4165,-0.4138,0.1246,0,cloth,subject_10
2.77,0.035,0.02,-0.134,0.424,-0.4226,0.1232,0,cloth,subject_10
2.78,-0.07,-0.143,-0.205,0.4265,-0.4264,0.1253,0,cloth,subject_10
2.79,-0.093,-0.001,-0.165,0.4213,-0.4268,0.1307,0,cloth,subject_10
2.8,-0.091,0.231,-0.057,0.4159,-0.4245,0.1362,0,cloth,subject_10
2.81,-0.148,0.199,-0.041,0.4164,-0.42,0.1394,0,cloth,subject_10
2.82,-0.202,0.013,-0.001,0.4196,-0.4128,0.1438,0,cloth,subject_10
2.83,-0.216,-0.014,0.013,0.4203,-0.4051,0.1499,0,cloth,subject_10
2.84,-0.192,0.065,0.062,0.4184,-0.3969,0.1579,0,cloth,subject_10
2.85,-0.176,0.157,0.074,0.4186,-0.3896,0.1656,0,cloth,subject_10
2.86,-0.161,0.052,0.021,0.4262,-0.3839,0.1707,0,cloth,subject_10
2.87,-0.158,-0.29,0.031,0.4357,-0.3794,0.1754,0,cloth,subject_10
2.88,-0.094,-0.289,0.026,0.4364,-0.375,0.1835,0,cloth,subject_10
2.89,0.046,0.026,0.058,0.4276,-0.3702,0.1949,0,cloth,subject_10
2.9,0.27,0.082,-0.08,0.4179,-0.3657,0.2054,0,cloth,subject_10
2.91,0.372,0.192,0.049,0.4131,-0.3604,0.2132,0,cloth,subject_10
2.92,0.439,0.211,0.23,0.4111,-0.3546,0.2196,0,cloth,subject_10
2.93,0.364,0.047,0.226,0.4103,-0.3487,0.2243,0,cloth,subject_10
2.94,0.274,0.021,0.233,0.4075,-0.3421,0.2283,0,cloth,subject_10
2.95,0.125,0.042,0.426,0.4017,-0.3352,0.2318,0,cloth,subject_10
2.96,0.041,-0.375,0.268,0.4002,-0.3323,0.2302,0,cloth,subject_10
2.97,0.003,-0.17,0.165,0.3973,-0.3306,0.2282,0,cloth,subject_10
2.98,0.012,0.138,0.072,0.391,-0.3299,0.2263,0,cloth,subject_10
2.99,-0.057,0.247,-0.015,0.3874,-0.3318,0.2247,0,cloth,subject_10
3,-0.103,0.113,-0.212,0.3878,-0.3356,0.2236,0,cloth,subject_10
3.01,-0.066,0.097,-0.305,0.3882,-0.34,0.2239,0,cloth,subject_10
3.02,-0.028,0.222,-0.343,0.3882,-0.3434,0.2253,0,cloth,subject_10
3.03,-0.008,0.222,-0.166,0.3899,-0.3466,0.2264,0,cloth,subject_10
3.04,0.034,0.235,-0.171,0.396,-0.3511,0.2257,0,cloth,subject_10
3.05,0.038,0.106,-0.132,0.4039,-0.3549,0.2248,0,cloth,subject_10
3.06,0.035,0.143,0.137,0.4106,-0.3586,0.2241,0,cloth,subject_10
3.07,0.044,0.092,0.313,0.4177,-0.3629,0.2244,0,cloth,subject_10
3.08,0.058,0.002,0.329,0.4205,-0.3675,0.2273,0,cloth,subject_10
3.09,0.083,0.065,0.384,0.4165,-0.3718,0.2338,0,cloth,subject_10
3.1,0.068,0.316,0.445,0.4101,-0.3756,0.243,0,cloth,subject_10
3.11,0.026,-0.136,0.291,0.4084,-0.3811,0.251,0,cloth,subject_10
3.12,0.101,-0.338,0.151,0.4049,-0.3863,0.2601,0,cloth,subject_10
3.13,0.065,-0.305,0.189,0.39,-0.3881,0.274,0,cloth,subject_10
3.14,0.121,-0.059,0.042,0.3662,-0.388,0.29,0,cloth,subject_10
3.15,0.185,0.096,-0.198,0.3416,-0.387,0.3045,0,cloth,subject_10
3.16,0.193,0.459,-0.271,0.3265,-0.3861,0.3134,0,cloth,subject_10
3.17,0.18,0.352,-0.241,0.3324,-0.3887,0.3124,0,cloth,subject_10
3.18,0.146,-0.003,-0.213,0.3551,-0.3945,0.3025,0,cloth,subject_10
3.19,0.107,-0.152,-0.149,0.38,-0.3994,0.2896,0,cloth,subject_10
3.2,0.104,-0.144,-0.146,0.3972,-0.4012,0.2793,0,cloth,subject_10
3.21,0.086,0.09,-0.095,0.4048,-0.3997,0.2736,0,cloth,subject_10
3.22,0.035,0.171,0.078,0.4078,-0.3968,0.2707,0,cloth,subject_10
3.23,-0.037,0.082,0.311,0.4089,-0.3939,0.2704,0,cloth,subject_10
3.24,-0.067,-0.138,0.356,0.4048,-0.3917,0.2737,0,cloth,subject_10
3.25,-0.036,-0.111,0.208,0.3919,-0.3899,0.2816,0,cloth,subject_10
3.26,0,0.165,0.195,0.3738,-0.389,0.2921,0,cloth,subject_10
3.27,0.053,0.272,0.196,0.3632,-0.3919,0.3003,0,cloth,subject_10
3.28,0.047,0.117,0.085,0.363,-0.3984,0.3044,0,cloth,subject_10
3.29,0.006,-0.012,-0.032,0.3661,-0.4054,0.3068,0,cloth,subject_10
3.3,0.009,0.011,-0.103,0.3678,-0.4116,0.3103,0,cloth,subject_10
3.31,0.008,0.137,-0.17,0.3671,-0.4156,0.3148,0,cloth,subject_10
3.32,0.042,0.22,-0.182,0.3673,-0.4177,0.3187,0,cloth,subject_10
3.33,0.079,0.227,-0.178,0.3719,-0.4193,0.3211,0,cloth,subject_10
3.34,0.096,0.148,-0.219,0.3812,-0.4202,0.3213,0,cloth,subject_10
3.35,0.092,0.07,-0.243,0.3917,-0.4193,0.3207,0,cloth,subject_10
3.36,0.111,0.056,-0.125,0.4019,-0.4164,0.3201,0,cloth,subject_10
3.37,0.108,0.077,0.036,0.4119,-0.4129,0.3196,0,cloth,subject_10
3.38,0.078,0.064,0.19,0.4222,-0.4097,0.3194,0,cloth,subject_10
3.39,0.09,-0.032,0.255,0.4307,-0.4066,0.3203,0,cloth,subject_10
3.4,0.094,-0.13,0.199,0.4331,-0.4024,0.3236,0,cloth,subject_10
3.41,0.132,-0.088,0.151,0.4273,-0.3963,0.3304,0,cloth,subject_10
3.42,0.155,0.106,0.168,0.4176,-0.3894,0.3394,0,cloth,subject_10
3.43,0.167,0.119,0.076,0.4085,-0.3821,0.3473,0,cloth,subject_10
3.44,0.179,0.062,-0.089,0.4013,-0.3739,0.3536,0,cloth,subject_10
3.45,0.156,0.162,0.012,0.3948,-0.364,0.3589,0,cloth,subject_10
3.46,0.121,0.076,0.08,0.391,-0.354,0.3628,0,cloth,subject_10
3.47,0.082,-0.018,-0.025,0.3875,-0.3437,0.3658,0,cloth,subject_10
3.48,0.063,0.048,0.014,0.3837,-0.333,0.3685,0,cloth,subject_10
3.49,0.055,0.09,0.06,0.3811,-0.3231,0.3702,0,cloth,subject_10
3.5,0.019,0.132,0.136,0.3816,-0.3154,0.3708,0,cloth,subject_10
3.51,0.014,0.083,0.13,0.3867,-0.3114,0.3705,0,cloth,subject_10
3.52,0.039,-0.047,0.056,0.3944,-0.3107,0.3697,0,cloth,subject_10
3.53,0.078,-0.004,-0.063,0.401,-0.3117,0.3695,0,cloth,subject_10
3.54,0.097,0.096,-0.06,0.405,-0.3126,0.3703,0,cloth,subject_10
3.55,0.083,0.067,-0.009,0.4097,-0.3145,0.3704,0,cloth,subject_10
3.56,0.092,-0.031,-0.015,0.4162,-0.3176,0.3698,0,cloth,subject_10
3.57,0.092,-0.039,0.063,0.4215,-0.3206,0.3694,0,cloth,subject_10
3.58,0.079,-0.037,0.134,0.4243,-0.3228,0.3696,0,cloth,subject_10
3.59,0.103,-0.006,0.167,0.4243,-0.3242,0.3701,0,cloth,subject_10
3.6,0.109,0.006,0.154,0.4224,-0.3247,0.3715,0,cloth,subject_10
3.61,0.112,0.067,0.125,0.4186,-0.3241,0.3734,0,cloth,subject_10
3.62,0.104,0.054,0.152,0.4156,-0.3231,0.3749,0,cloth,subject_10
3.63,0.06,0.048,0.201,0.4141,-0.3223,0.3752,0,cloth,subject_10
3.64,0.085,-0.024,0.055,0.4126,-0.3216,0.3753,0,cloth,subject_10
3.65,0.106,0.051,-0.068,0.4099,-0.3197,0.3753,0,cloth,subject_10
3.66,0.087,0.081,-0.056,0.4068,-0.3163,0.3755,0,cloth,subject_10
3.67,0.065,0.135,-0.029,0.4047,-0.3124,0.375,0,cloth,subject_10
3.68,0.039,0.144,0.077,0.4061,-0.3093,0.3739,0,cloth,subject_10
3.69,0.027,0.03,0.066,0.4116,-0.3086,0.3718,0,cloth,subject_10
3.7,0.044,-0.009,-0.007,0.4178,-0.3095,0.3697,0,cloth,subject_10
3.71,0.061,0.068,-0.075,0.4224,-0.3109,0.3682,0,cloth,subject_10
3.72,0.067,0.112,-0.065,0.4266,-0.3125,0.3668,0,cloth,subject_10
3.73,0.06,0.051,-0.06,0.4319,-0.3148,0.3652,0,cloth,subject_10
3.74,0.072,0,-0.055,0.4366,-0.3164,0.3642,0,cloth,subject_10
3.75,0.064,0.01,0.04,0.4402,-0.3177,0.3634,0,cloth,subject_10
3.76,0.06,-0.027,0.042,0.4438,-0.3193,0.3624,0,cloth,subject_10
3.77,0.023,0.081,0.144,0.4464,-0.3205,0.3613,0,cloth,subject_10
3.78,0.012,0.089,0.215,0.4502,-0.3225,0.3599,0,cloth,subject_10
3.79,0.011,0.083,0.223,0.4536,-0.3245,0.3596,0,cloth,subject_10
3.8,0.043,0.087,0.242,0.4564,-0.3265,0.3607,0,cloth,subject_10
3.81,0.075,0.02,0.144,0.4605,-0.3293,0.3614,0,cloth,subject_10
3.82,0.111,-0.132,-0.024,0.463,-0.3313,0.3624,0,cloth,subject_10
3.83,0.115,-0.059,-0.048,0.4606,-0.3303,0.3648,0,cloth,subject_10
3.84,0.096,0.049,0.009,0.4554,-0.3278,0.3673,0,cloth,subject_10
3.85,0.082,0.145,0.045,0.4516,-0.3247,0.3691,0,cloth,subject_10
3.86,0.052,0.093,-0.021,0.451,-0.3228,0.3698,0,cloth,subject_10
3.87,0.052,0.11,-0.124,0.4524,-0.3214,0.3697,0,cloth,subject_10
3.88,0.049,0.153,-0.171,0.4551,-0.3191,0.3696,0,cloth,subject_10
3.89,0.064,0.241,-0.155,0.4611,-0.3168,0.3686,0,cloth,subject_10
3.9,0.071,0.328,-0.121,0.4728,-0.3154,0.366,0,cloth,subject_10
3.91,0.032,0.24,-0.149,0.491,-0.3162,0.3611,0,cloth,subject_10
3.92,0.029,0.118,-0.137,0.5132,-0.3171,0.3556,0,cloth,subject_10
3.93,0.007,0.144,0.026,0.5377,-0.3187,0.3491,0,cloth,subject_10
3.94,0.015,0.196,0.252,0.5641,-0.3209,0.3425,0,cloth,subject_10
3.95,-0.012,0.059,0.448,0.5896,-0.3239,0.3379,0,cloth,subject_10
3.96,0.06,-0.181,0.342,0.6044,-0.3237,0.3399,0,cloth,subject_10
3.97,0.088,-0.267,0.29,0.6024,-0.3169,0.3515,0,cloth,subject_10
3.98,0.051,-0.472,0.24,0.5845,-0.3039,0.371,0,cloth,subject_10
3.99,0.149,-0.397,-0.069,0.5502,-0.2841,0.3962,0,cloth,subject_10
4,0.16,-0.484,-0.26,0.5024,-0.2569,0.4232,0,cloth,subject_10
4.01,0.151,-0.16,-0.376,0.4463,-0.2252,0.4461,0,cloth,subject_10
4.02,0.101,0.422,-0.284,0.3926,-0.1913,0.4625,0,cloth,subject_10
4.03,0.01,0.723,-0.038,0.3627,-0.1664,0.4695,0,cloth,subject_10
4.04,-0.034,0.293,0.049,0.3674,-0.1583,0.4682,0,cloth,subject_10
4.05,-0.124,-0.337,0.127,0.3921,-0.1613,0.4621,0,cloth,subject_10
4.06,-0.152,-0.069,0.217,0.4133,-0.1641,0.4571,0,cloth,subject_10
4.07,-0.031,0.197,0.098,0.4299,-0.1663,0.4533,0,cloth,subject_10
4.08,0.007,0.093,-0.014,0.4542,-0.1732,0.4484,0,cloth,subject_10
4.09,0.074,-0.037,0.006,0.485,-0.185,0.4412,0,cloth,subject_10
4.1,0.078,-0.148,0.042,0.5137,-0.1964,0.434,0,cloth,subject_10
4.11,0.081,-0.236,0.123,0.5338,-0.2048,0.4291,0,cloth,subject_10
4.12,0.104,-0.186,0.058,0.5403,-0.2079,0.4276,0,cloth,subject_10
4.13,0.097,-0.095,0.01,0.5365,-0.2065,0.4287,0,cloth,subject_10
4.14,0.103,0.076,0.032,0.528,-0.2028,0.4308,0,cloth,subject_10
4.15,0.106,0.216,0.04,0.523,-0.1993,0.4322,0,cloth,subject_10
4.16,0.042,0.136,0.043,0.5257,-0.1993,0.4314,0,cloth,subject_10
4.17,0.009,0.048,0.023,0.5347,-0.202,0.4289,0,cloth,subject_10
4.18,0.008,-0.02,0.053,0.5465,-0.2059,0.4254,0,cloth,subject_10
4.19,-0.023,-0.157,0.086,0.5567,-0.2094,0.4225,0,cloth,subject_10
4.2,0.021,-0.174,0.129,0.5592,-0.2102,0.4222,0,cloth,subject_10
4.21,0.042,-0.057,0.174,0.5527,-0.2073,0.4245,0,cloth,subject_10
4.22,0.07,0.062,0.151,0.5429,-0.2037,0.4279,0,cloth,subject_10
4.23,0.082,0.13,0.12,0.535,-0.2018,0.4309,0,cloth,subject_10
4.24,0.056,0.082,0.121,0.5312,-0.2023,0.4331,0,cloth,subject_10
4.25,0.055,0.002,0.076,0.5285,-0.2037,0.4354,0,cloth,subject_10
4.26,0.085,0.089,0.044,0.5252,-0.2048,0.4375,0,cloth,subject_10
4.27,0.082,0.231,0.006,0.5275,-0.2076,0.4376,0,cloth,subject_10
4.28,0.076,0.087,-0.006,0.5375,-0.2138,0.4353,0,cloth,subject_10
4.29,0.045,-0.072,-0.005,0.5494,-0.22,0.432,0,cloth,subject_10
4.3,0.001,-0.191,0.038,0.5571,-0.2237,0.4297,0,cloth,subject_10
4.31,0.041,-0.1,0.108,0.5579,-0.2242,0.4295,0,cloth,subject_10
4.32,0.07,0.308,0.124,0.557,-0.2238,0.4293,0,cloth,subject_10
4.33,0.036,0.326,0.055,0.5681,-0.2294,0.4254,0,cloth,subject_10
4.34,0.043,0.128,0.01,0.5905,-0.2406,0.4178,0,cloth,subject_10
4.35,0.035,-0.016,0.017,0.616,-0.2537,0.4086,0,cloth,subject_10
4.36,0.04,-0.109,-0.062,0.6377,-0.265,0.4006,0,cloth,subject_10
4.37,0.047,-0.208,-0.077,0.6512,-0.272,0.3955,0,cloth,subject_10
4.38,0.038,-0.141,0.003,0.6548,-0.2736,0.3943,0,cloth,subject_10
4.39,0.05,-0.104,0.061,0.6511,-0.2713,0.3967,0,cloth,subject_10
4.4,0.05,-0.02,0.096,0.6419,-0.266,0.4018,0,cloth,subject_10
4.41,0.021,-0.069,0.176,0.6296,-0.2594,0.4085,0,cloth,subject_10
4.42,0,-0.116,0.229,0.6139,-0.2515,0.417,0,cloth,subject_10
4.43,0.021,-0.136,0.22,0.5918,-0.2417,0.4281,0,cloth,subject_10
4.44,0.06,-0.132,0.215,0.5623,-0.2298,0.4421,0,cloth,subject_10
4.45,0.129,-0.057,0.108,0.5255,-0.2155,0.4583,0,cloth,subject_10
4.46,0.197,0.152,0.044,0.486,-0.1999,0.4745,0,cloth,subject_10
4.47,0.212,0.334,-0.023,0.4535,-0.1868,0.488,0,cloth,subject_10
4.48,0.142,0.334,-0.114,0.4359,-0.1799,0.4969,0,cloth,subject_10
4.49,0.108,0.039,-0.18,0.4293,-0.1779,0.5021,0,cloth,subject_10
4.5,0.139,0.05,-0.233,0.4262,-0.1749,0.5049,0,cloth,subject_10
4.51,0.157,0.073,-0.276,0.4248,-0.1693,0.5054,0,cloth,subject_10
4.52,0.167,0.168,-0.291,0.4258,-0.1618,0.5038,0,cloth,subject_10
4.53,0.171,0.252,-0.326,0.4313,-0.1534,0.5007,0,cloth,subject_10
4.54,0.079,0.102,-0.331,0.4399,-0.1433,0.497,0,cloth,subject_10
4.55,-0.077,-0.201,-0.192,0.4464,-0.1302,0.4935,0,cloth,subject_10
4.56,-0.091,0.001,0.116,0.4458,-0.1125,0.4914,0,cloth,subject_10
4.57,-0.134,0.16,0.13,0.4422,-0.0949,0.4902,0,cloth,subject_10
4.58,-0.192,0.172,0.14,0.4385,-0.0785,0.4903,0,cloth,subject_10
4.59,-0.187,0.108,0.16,0.4362,-0.0652,0.4922,0,cloth,subject_10
4.6,-0.135,0.122,0.195,0.4371,-0.056,0.4949,0,cloth,subject_10
4.61,-0.132,0.022,0.249,0.4437,-0.0526,0.4984,0,cloth,subject_10
4.62,-0.126,0.029,0.266,0.456,-0.0558,0.5022,0,cloth,subject_10
4.63,-0.132,-0.398,0.138,0.4734,-0.0657,0.5055,0,cloth,subject_10
4.64,0,-0.352,0.073,0.485,-0.0753,0.5082,0,cloth,subject_10
4.65,0.054,-0.117,0.087,0.4883,-0.0815,0.5107,0,cloth,subject_10
4.66,0.1,-0.047,0.079,0.4888,-0.0869,0.5133,0,cloth,subject_10
4.67,0.061,-0.008,0.178,0.4895,-0.0919,0.5159,0,cloth,subject_10
4.68,0.095,-0.025,0.146,0.4906,-0.0975,0.5184,0,cloth,subject_10
4.69,0.101,-0.035,0.097,0.4902,-0.1026,0.5205,0,cloth,subject_10
4.7,0.121,-0.035,0.008,0.4872,-0.1065,0.5219,0,cloth,subject_10
4.71,0.13,0.019,-0.008,0.4828,-0.1086,0.5227,0,cloth,subject_10
4.72,0.137,0.102,0.027,0.4796,-0.1095,0.523,0,cloth,subject_10
4.73,0.118,0.072,0.044,0.4798,-0.111,0.5222,0,cloth,subject_10
4.74,0.113,0.067,0.015,0.4812,-0.1126,0.5207,0,cloth,subject_10
4.75,0.053,0.251,0.07,0.4815,-0.1127,0.5196,0,cloth,subject_10
4.76,0.062,0.193,0.054,0.4839,-0.1129,0.5188,0,cloth,subject_10
4.77,0.05,0.084,0.04,0.4874,-0.1136,0.5184,0,cloth,subject_10
4.78,0.029,-0.052,0.05,0.4915,-0.115,0.5177,0,cloth,subject_10
4.79,0.029,-0.091,0.074,0.4958,-0.1173,0.5165,0,cloth,subject_10
4.8,0.036,-0.088,0.054,0.4987,-0.1194,0.5151,0,cloth,subject_10
4.81,0.058,-0.044,0.046,0.5004,-0.1218,0.5136,0,cloth,subject_10
4.82,0.053,-0.061,0.054,0.5015,-0.1243,0.5123,0,cloth,subject_10
4.83,0.043,0.075,0.058,0.5001,-0.1253,0.5119,0,cloth,subject_10
4.84,0.037,0.12,0.04,0.4967,-0.1244,0.5127,0,cloth,subject_10
4.85,0.02,0.054,0.062,0.4941,-0.1244,0.5134,0,cloth,subject_10
4.86,0,0.076,0.151,0.4923,-0.1248,0.5143,0,cloth,subject_10
4.87,0.016,0.07,0.154,0.4913,-0.1256,0.5149,0,cloth,subject_10
4.88,0.043,0.081,0.106,0.4895,-0.1263,0.5157,0,cloth,subject_10
4.89,0.066,0.054,0.081,0.4872,-0.1262,0.5166,0,cloth,subject_10
4.9,0.063,-0.043,0.12,0.4851,-0.1252,0.517,0,cloth,subject_10
4.91,0.051,-0.07,0.158,0.4812,-0.1225,0.5172,0,cloth,subject_10
4.92,0.07,-0.048,0.145,0.4761,-0.1182,0.5172,0,cloth,subject_10
4.93,0.087,-0.026,0.088,0.4699,-0.1135,0.517,0,cloth,subject_10
4.94,0.097,0.021,0.021,0.462,-0.1083,0.517,0,cloth,subject_10
4.95,0.063,-0.036,-0.023,0.4536,-0.1025,0.5168,0,cloth,subject_10
4.96,0.048,-0.03,-0.01,0.4436,-0.0961,0.5165,0,cloth,subject_10
4.97,0.055,0.023,-0.007,0.4333,-0.0899,0.5162,0,cloth,subject_10
4.98,0.062,0.044,-0.019,0.4246,-0.0849,0.5158,0,cloth,subject_10
4.99,0.062,0.051,-0.052,0.4185,-0.0819,0.5151,0,cloth,subject_10
5,0.025,0.001,-0.076,0.4151,-0.0801,0.5144,0,cloth,subject_10
5.01,0.002,-0.082,-0.09,0.4126,-0.079,0.5135,0,cloth,subject_10
5.02,-0.004,-0.047,-0.089,0.4086,-0.0774,0.5126,0,cloth,subject_10
5.03,0.011,0.008,-0.092,0.4037,-0.0756,0.512,0,cloth,subject_10
5.04,0.023,0.068,-0.087,0.3994,-0.0744,0.5116,0,cloth,subject_10
5.05,0.035,0.097,-0.091,0.3972,-0.0743,0.5114,0,cloth,subject_10
5.06,0.051,0.13,-0.114,0.3975,-0.0751,0.5115,0,cloth,subject_10
5.07,0.066,0.142,-0.158,0.4002,-0.0766,0.5117,0,cloth,subject_10
5.08,0.098,0.113,-0.189,0.4049,-0.0782,0.5119,0,cloth,subject_10
5.09,0.119,0.009,-0.148,0.4118,-0.0796,0.5118,0,cloth,subject_10
5.1,0.196,0.051,-0.057,0.4197,-0.0803,0.5119,0,cloth,subject_10
5.11,0.302,0.143,0.02,0.4324,-0.082,0.511,0,cloth,subject_10
5.12,0.388,0.172,0.011,0.4528,-0.0868,0.5094,0,cloth,subject_10
5.13,0.356,0.074,0.035,0.4796,-0.0938,0.5069,0,cloth,subject_10
5.14,0.221,-0.29,0.045,0.5105,-0.1029,0.5027,0,cloth,subject_10
5.15,0.045,-0.437,0.142,0.5396,-0.1119,0.4969,0,cloth,subject_10
5.16,-0.007,-0.176,0.249,0.5573,-0.1157,0.4933,0,cloth,subject_10
5.17,-0.112,-0.011,0.269,0.5628,-0.114,0.4928,0,cloth,subject_10
5.18,-0.18,0.041,0.185,0.56,-0.1091,0.4943,0,cloth,subject_10
5.19,-0.292,-0.069,0.146,0.5533,-0.1031,0.4956,0,cloth,subject_10
5.2,-0.285,-0.025,0.189,0.5422,-0.0965,0.4972,0,cloth,subject_10
5.21,-0.21,0.107,0.205,0.5283,-0.0895,0.4989,0,cloth,subject_10
5.22,-0.118,0.18,0.119,0.5138,-0.0827,0.501,0,cloth,subject_10
5.23,-0.034,0.278,0.049,0.5021,-0.0764,0.5028,0,cloth,subject_10
5.24,-0.003,0.306,0.069,0.5007,-0.0748,0.503,0,cloth,subject_10
5.25,-0.024,0.223,0.1,0.5144,-0.0805,0.5015,0,cloth,subject_10
5.26,-0.048,0.032,0.006,0.5351,-0.0898,0.4993,0,cloth,subject_10
5.27,-0.051,-0.008,-0.065,0.5534,-0.0971,0.4972,0,cloth,subject_10
5.28,-0.056,-0.126,-0.017,0.5645,-0.1008,0.4962,0,cloth,subject_10
5.29,-0.024,-0.065,-0.004,0.5661,-0.1003,0.4963,0,cloth,subject_10
5.3,0.008,-0.052,0.062,0.561,-0.0966,0.4977,0,cloth,subject_10
5.31,-0.012,-0.168,0.011,0.5519,-0.0917,0.5,0,cloth,subject_10
5.32,0.02,0.072,0.022,0.537,-0.083,0.5034,0,cloth,subject_10
5.33,0.017,0.079,0.054,0.5228,-0.0748,0.5073,0,cloth,subject_10
5.34,0.035,0.123,0.083,0.5134,-0.0701,0.5104,0,cloth,subject_10
5.35,0.031,0.144,0.063,0.5118,-0.0703,0.5124,0,cloth,subject_10
5.36,0.047,0.13,0.047,0.5175,-0.0749,0.5138,0,cloth,subject_10
5.37,0.045,0.084,0.058,0.529,-0.0835,0.5145,0,cloth,subject_10
5.38,0.04,-0.024,0.035,0.5464,-0.0962,0.5136,0,cloth,subject_10
5.39,0,-0.276,-0.029,0.5646,-0.1104,0.5117,0,cloth,subject_10
5.4,0.071,-0.261,-0.077,0.5734,-0.1187,0.511,0,cloth,subject_10
5.41,0.096,-0.145,-0.086,0.5739,-0.1215,0.511,0,cloth,subject_10
5.42,0.099,0.022,-0.042,0.5712,-0.1219,0.511,0,cloth,subject_10
5.43,0.071,0.067,0.015,0.5681,-0.1215,0.5109,0,cloth,subject_10
5.44,0.069,0,0.077,0.5653,-0.1217,0.511,0,cloth,subject_10
5.45,0.072,0.017,0.091,0.562,-0.1212,0.5114,0,cloth,subject_10
5.46,0.075,0.011,0.047,0.5577,-0.1206,0.5118,0,cloth,subject_10
5.47,0.07,0.039,0.028,0.5544,-0.1204,0.5118,0,cloth,subject_10
5.48,0.061,0.025,0.037,0.5529,-0.1209,0.511,0,cloth,subject_10
5.49,0.081,0.067,0.092,0.5526,-0.1216,0.5101,0,cloth,subject_10
5.5,0.086,0.067,0.134,0.5536,-0.1226,0.5091,0,cloth,subject_10
5.51,0.073,0.076,0.156,0.5548,-0.1241,0.5085,0,cloth,subject_10
5.52,0.062,0.099,0.147,0.5563,-0.1264,0.5084,0,cloth,subject_10
5.53,0.065,0.066,0.127,0.5586,-0.1295,0.5087,0,cloth,subject_10
5.54,0.077,0.026,0.109,0.5612,-0.1331,0.5092,0,cloth,subject_10
5.55,0.073,0.012,0.105,0.5642,-0.1372,0.5098,0,cloth,subject_10
5.56,0.075,0.005,0.089,0.5683,-0.1422,0.5099,0,cloth,subject_10
5.57,0.069,-0.073,0.009,0.5738,-0.1491,0.5089,0,cloth,subject_10
5.58,0.062,-0.094,-0.014,0.579,-0.1551,0.5072,0,cloth,subject_10
5.59,0.042,-0.1,0.02,0.5814,-0.1592,0.5055,0,cloth,subject_10
5.6,0.009,-0.075,0.079,0.5812,-0.1615,0.5043,0,cloth,subject_10
5.61,0.019,-0.061,0.07,0.5798,-0.1634,0.5033,0,cloth,subject_10
5.62,-0.018,-0.03,0.096,0.5778,-0.1654,0.5022,0,cloth,subject_10
5.63,0.066,-0.034,0.057,0.5748,-0.1678,0.5012,0,cloth,subject_10
5.64,0.063,-0.008,-0.032,0.5717,-0.1705,0.4997,0,cloth,subject_10
5.65,0.06,0.007,-0.023,0.5696,-0.1734,0.4976,0,cloth,subject_10
5.66,0.045,0.004,-0.036,0.5672,-0.1755,0.4957,0,cloth,subject_10
5.67,0.056,0.047,-0.019,0.5626,-0.1753,0.4948,0,cloth,subject_10
5.68,0.03,0.086,0.014,0.5553,-0.1727,0.495,0,cloth,subject_10
5.69,0.019,0.113,0.04,0.5466,-0.1687,0.4963,0,cloth,subject_10
5.7,0,0.09,0.051,0.5386,-0.1653,0.4977,0,cloth,subject_10
5.71,-0.026,0.017,0.065,0.5325,-0.163,0.4991,0,cloth,subject_10
5.72,-0.047,0.078,0.063,0.5262,-0.1605,0.5009,0,cloth,subject_10
5.73,-0.061,0.062,0.097,0.5199,-0.1581,0.5036,0,cloth,subject_10
5.74,-0.088,0.099,0.169,0.5157,-0.1584,0.5058,0,cloth,subject_10
5.75,-0.087,0.042,0.161,0.5138,-0.1617,0.5082,0,cloth,subject_10
5.76,-0.078,0.077,0.088,0.5128,-0.1667,0.5107,0,cloth,subject_10
5.77,-0.109,-0.022,0.074,0.5124,-0.1726,0.5139,0,cloth,subject_10
5.78,-0.129,0.015,0.059,0.5119,-0.1789,0.5174,0,cloth,subject_10
5.79,-0.098,0.028,0.006,0.511,-0.1858,0.521,0,cloth,subject_10
5.8,-0.081,0.138,-0.066,0.5118,-0.194,0.5239,0,cloth,subject_10
5.81,-0.04,0.149,-0.093,0.5166,-0.2048,0.5257,0,cloth,subject_10
5.82,-0.123,0.193,-0.055,0.5263,-0.2189,0.5261,0,cloth,subject_10
5.83,-0.119,0.032,-0.121,0.538,-0.2348,0.526,0,cloth,subject_10
5.84,-0.139,-0.036,-0.144,0.5471,-0.2492,0.5267,0,cloth,subject_10
5.85,-0.101,0.114,-0.238,0.554,-0.2619,0.5281,0,cloth,subject_10
5.86,-0.119,0.021,-0.155,0.5603,-0.2727,0.5298,0,cloth,subject_10
5.87,-0.083,-0.097,-0.029,0.5665,-0.2837,0.5311,0,cloth,subject_10
5.88,-0.063,0.07,0.04,0.5722,-0.2942,0.5329,0,cloth,subject_10
5.89,-0.016,0.137,0.027,0.5774,-0.3045,0.5357,0,cloth,subject_10
5.9,-0.08,-0.002,-0.002,0.583,-0.3147,0.5393,0,cloth,subject_10
5.91,-0.068,-0.092,0.029,0.5855,-0.3233,0.5448,0,cloth,subject_10
5.92,-0.014,0.01,0.045,0.5844,-0.3293,0.5529,0,cloth,subject_10
5.93,-0.008,-0.035,0.05,0.5813,-0.3338,0.5627,0,cloth,subject_10
5.94,-0.001,-0.053,0.054,0.5755,-0.3362,0.5746,0,cloth,subject_10
5.95,0.038,-0.083,0.044,0.5672,-0.3369,0.5883,0,cloth,subject_10
5.96,0.046,-0.101,0.061,0.5571,-0.3365,0.6032,0,cloth,subject_10
5.97,0.057,-0.097,0.087,0.5461,-0.3356,0.6186,0,cloth,subject_10
5.98,0.066,-0.067,0.111,0.5345,-0.3342,0.6346,0,cloth,subject_10
5.99,0.084,-0.084,0.094,0.5233,-0.3329,0.6503,0,cloth,subject_10
6,0.116,-0.08,0.089,0.5121,-0.3324,0.6655,0,cloth,subject_10
6.01,0.149,-0.102,0.074,0.5014,-0.3329,0.6797,0,cloth,subject_10
6.02,0.153,-0.114,0.132,0.49,-0.3327,0.6936,0,cloth,subject_10
6.03,0.169,-0.066,0.137,0.477,-0.3299,0.7083,0,cloth,subject_10
6.04,0.176,-0.022,0.102,0.4626,-0.3249,0.7235,0,cloth,subject_10
6.05,0.174,-0.068,0.057,0.4477,-0.3182,0.7388,0,cloth,subject_10
6.06,0.163,-0.033,0.108,0.432,-0.3095,0.7543,0,cloth,subject_10
6.07,0.143,-0.037,0.128,0.4161,-0.2998,0.7695,0,cloth,subject_10
6.08,0.115,-0.134,0.099,0.4003,-0.2909,0.7839,0,cloth,subject_10
6.09,0.131,-0.128,0.081,0.3842,-0.2812,0.7977,0,cloth,subject_10
6.1,0.151,-0.103,0.063,0.3679,-0.2705,0.8108,0,cloth,subject_10
6.11,0.183,-0.087,-0.008,0.3525,-0.2605,0.8227,0,cloth,subject_10
6.12,0.193,-0.075,0.024,0.3379,-0.2505,0.8337,0,cloth,subject_10
6.13,0.182,-0.099,0.072,0.3237,-0.2391,0.8443,0,cloth,subject_10
6.14,0.145,-0.213,0.096,0.3081,-0.2253,0.8549,0,cloth,subject_10
6.15,0.129,-0.285,0.08,0.2908,-0.2094,0.8654,0,cloth,subject_10
6.16,0.161,-0.283,0.031,0.2725,-0.1923,0.8752,0,cloth,subject_10
6.17,0.2,-0.274,-0.002,0.2548,-0.1762,0.8837,0,cloth,subject_10
6.18,0.228,-0.295,0.011,0.2382,-0.1617,0.8909,0,cloth,subject_10
6.19,0.271,-0.288,0.059,0.2219,-0.1476,0.8969,0,cloth,subject_10
6.2,0.296,-0.264,0.049,0.2054,-0.1332,0.902,0,cloth,subject_10
6.21,0.288,-0.231,-0.002,0.189,-0.1187,0.9061,0,cloth,subject_10
6.22,0.325,-0.189,-0.02,0.1735,-0.1047,0.9092,0,cloth,subject_10
6.23,0.355,-0.237,-0.051,0.1597,-0.0918,0.9115,0,cloth,subject_10
6.24,0.378,-0.234,-0.113,0.1477,-0.0794,0.9128,0,cloth,subject_10
6.25,0.38,-0.192,-0.22,0.1378,-0.0671,0.9133,0,cloth,subject_10
6.26,0.308,-0.29,-0.219,0.1302,-0.0541,0.9132,0,cloth,subject_10
6.27,0.195,-0.511,-0.135,0.1236,-0.0402,0.9122,0,cloth,subject_10
6.28,0.172,-0.523,-0.113,0.1166,-0.024,0.9103,0,cloth,subject_10
6.29,0.127,-0.467,-0.173,0.1098,-0.0069,0.9072,0,cloth,subject_10
6.3,0.097,-0.424,-0.26,0.1038,0.0094,0.9032,0,cloth,subject_10
6.31,0.058,-0.423,-0.253,0.0991,0.0247,0.8983,0,cloth,subject_10
6.32,0.045,-0.421,-0.24,0.0963,0.0375,0.8925,0,cloth,subject_10
6.33,0.01,-0.455,-0.256,0.0959,0.0478,0.8859,0,cloth,subject_10
6.34,-0.088,-0.472,-0.283,0.0967,0.0582,0.8783,0,cloth,subject_10
6.35,-0.123,-0.486,-0.318,0.0969,0.0716,0.8695,0,cloth,subject_10
6.36,-0.179,-0.673,-0.36,0.0946,0.0903,0.8589,0,cloth,subject_10
6.37,-0.19,-0.796,-0.358,0.0828,0.1225,0.8444,0,cloth,subject_10
6.38,-0.236,-0.5,-0.334,0.0617,0.168,0.8237,0,cloth,subject_10
6.39,-0.346,-0.348,-0.249,0.0364,0.2155,0.7981,0,cloth,subject_10
6.4,-0.387,-0.236,-0.029,0.0117,0.2565,0.7695,0,cloth,subject_10
6.41,-0.387,-0.17,0.085,-0.0059,0.2823,0.7423,0,cloth,subject_10
6.42,-0.377,-0.26,0.073,-0.0152,0.292,0.7187,0,cloth,subject_10
6.43,-0.384,-0.219,0.063,-0.0201,0.2918,0.6972,0,cloth,subject_10
6.44,-0.308,-0.111,-0.033,-0.0219,0.2847,0.6773,0,cloth,subject_10
6.45,-0.221,0.048,-0.187,-0.0197,0.2716,0.6592,0,cloth,subject_10
6.46,-0.145,0.167,-0.267,-0.0117,0.254,0.6437,0,cloth,subject_10
6.47,-0.152,0.203,-0.269,0.0011,0.2339,0.6308,0,cloth,subject_10
6.48,-0.155,0.245,-0.279,0.0153,0.215,0.6192,0,cloth,subject_10
6.49,-0.121,0.34,-0.349,0.0277,0.1993,0.6087,0,cloth,subject_10
6.5,-0.111,0.417,-0.411,0.0381,0.1874,0.6,0,cloth,subject_10
6.51,-0.128,0.393,-0.379,0.0481,0.1795,0.5935,0,cloth,subject_10
6.52,-0.147,0.358,-0.309,0.0575,0.1758,0.5889,0,cloth,subject_10
6.53,-0.143,0.309,-0.276,0.0665,0.176,0.5859,0,cloth,subject_10
6.54,-0.144,0.23,-0.248,0.0757,0.1781,0.5847,0,cloth,subject_10
6.55,-0.206,0.16,-0.148,0.0856,0.1814,0.5853,0,cloth,subject_10
6.56,-0.268,0.079,0.001,0.0954,0.1857,0.5867,0,cloth,subject_10
6.57,-0.305,0.055,0.118,0.1042,0.1904,0.5877,0,cloth,subject_10
6.58,-0.261,0.07,0.13,0.1137,0.194,0.5883,0,cloth,subject_10
6.59,-0.196,0.094,0.154,0.1242,0.1945,0.5894,0,cloth,subject_10
6.6,-0.198,0.076,0.261,0.1364,0.1924,0.5911,0,cloth,subject_10
6.61,-0.191,0.142,0.507,0.1482,0.1863,0.5938,0,cloth,subject_10
6.62,-0.321,-0.119,0.855,0.1586,0.175,0.5976,0,cloth,subject_10
6.63,0.117,0.35,0.533,0.156,0.1663,0.6004,0,cloth,subject_10
6.64,0.018,0.274,0.03,0.1577,0.153,0.6045,0,cloth,subject_10
6.65,0.046,0.209,-0.028,0.1686,0.1351,0.61,0,cloth,subject_10
6.66,0.031,0.097,0.053,0.1842,0.1164,0.6156,0,cloth,subject_10
6.67,0.056,-0.021,0.107,0.1965,0.1001,0.6205,0,cloth,subject_10
6.68,0.109,0.04,0.034,0.2005,0.0897,0.6238,0,cloth,subject_10
6.69,0.111,0.076,-0.01,0.2007,0.0835,0.6266,0,cloth,subject_10
6.7,0.115,0.061,-0.012,0.2019,0.0778,0.6295,0,cloth,subject_10
6.71,0.11,0.035,0.03,0.2047,0.072,0.6326,0,cloth,subject_10
6.72,0.09,-0.046,0.026,0.2086,0.0661,0.6354,0,cloth,subject_10
6.73,0.067,-0.031,0.001,0.2119,0.0617,0.6375,0,cloth,subject_10
6.74,0.045,-0.018,0.001,0.214,0.0592,0.6392,0,cloth,subject_10
6.75,0.04,-0.021,0.012,0.2146,0.0577,0.6405,0,cloth,subject_10
6.76,0.041,-0.028,0.028,0.2138,0.0571,0.6414,0,cloth,subject_10
6.77,0.046,-0.008,0.034,0.2124,0.0571,0.642,0,cloth,subject_10
6.78,0.051,0.016,0.031,0.2104,0.0572,0.6425,0,cloth,subject_10
6.79,0.051,0.034,0.032,0.2086,0.0571,0.6429,0,cloth,subject_10
6.8,0.033,0.03,0.021,0.2074,0.057,0.6434,0,cloth,subject_10
6.81,0.022,0.037,0.022,0.2063,0.057,0.6438,0,cloth,subject_10
6.82,0.016,0.041,0.012,0.2051,0.057,0.6442,0,cloth,subject_10
6.83,0.009,0.037,0.016,0.2039,0.057,0.6445,0,cloth,subject_10
6.84,0.018,0.029,0.019,0.203,0.0566,0.6448,0,cloth,subject_10
6.85,0.024,0.024,0.02,0.2021,0.0558,0.6452,0,cloth,subject_10
6.86,0.035,0.023,0.013,0.2013,0.0546,0.6457,0,cloth,subject_10
6.87,0.035,0.014,0.011,0.2003,0.0531,0.6462,0,cloth,subject_10
6.88,0.035,0.011,0,0.1992,0.0515,0.647,0,cloth,subject_10
6.89,0.034,0.005,0.004,0.198,0.0498,0.6483,0,cloth,subject_10
6.9,0.041,0.001,-0.004,0.1965,0.0481,0.6498,0,cloth,subject_10
6.91,0.033,0.015,-0.004,0.1946,0.0465,0.6515,0,cloth,subject_10
6.92,0.035,0.017,0.005,0.1928,0.0446,0.6534,0,cloth,subject_10
6.93,0.04,0.004,0.006,0.1913,0.0424,0.6553,0,cloth,subject_10
6.94,0.045,0.004,0.018,0.1893,0.04,0.6571,0,cloth,subject_10
6.95,0.05,0.006,0.013,0.1872,0.0378,0.6588,0,cloth,subject_10
6.96,0.055,0.009,0.028,0.1851,0.0362,0.6605,0,cloth,subject_10
6.97,0.046,0.015,0.026,0.183,0.035,0.6621,0,cloth,subject_10
6.98,0.05,0.024,0.026,0.181,0.0344,0.6638,0,cloth,subject_10
6.99,0.047,0.025,0.024,0.1793,0.0343,0.6655,0,cloth,subject_10
7,0.032,0.027,0.004,0.178,0.0347,0.6672,0,cloth,subject_10
7.01,0.028,0.018,-0.006,0.1773,0.0352,0.6689,0,cloth,subject_10
7.02,0.02,0.032,-0.014,0.1769,0.0361,0.6705,0,cloth,subject_10
7.03,0.039,-0.004,-0.009,0.1763,0.0376,0.672,0,cloth,subject_10
7.04,0.026,0.001,-0.005,0.1756,0.0398,0.6734,0,cloth,subject_10
7.05,0.039,-0.013,0.001,0.1745,0.0425,0.6747,0,cloth,subject_10
7.06,0.036,0.012,0.014,0.173,0.0457,0.676,0,cloth,subject_10
7.07,0.049,0.003,0.02,0.1716,0.049,0.6773,0,cloth,subject_10
7.08,0.039,0.032,0.023,0.1698,0.0526,0.6784,0,cloth,subject_10
7.09,0.052,0.037,0.023,0.1684,0.0559,0.6799,0,cloth,subject_10
7.1,0.049,0.049,0.027,0.1676,0.0587,0.6816,0,cloth,subject_10
7.11,0.048,0.018,0.037,0.168,0.0606,0.6836,0,cloth,subject_10
7.12,0.047,0.007,0.022,0.1692,0.062,0.6858,0,cloth,subject_10
7.13,0.023,-0.007,0.007,0.171,0.0635,0.6879,0,cloth,subject_10
7.14,0.006,-0.019,-0.002,0.1731,0.0656,0.6902,0,cloth,subject_10
7.15,-0.002,-0.028,-0.024,0.1748,0.0684,0.6922,0,cloth,subject_10
7.16,-0.013,-0.026,-0.036,0.1757,0.0722,0.6939,0,cloth,subject_10
7.17,-0.026,-0.021,-0.038,0.1754,0.0773,0.695,0,cloth,subject_10
7.18,-0.027,0.008,-0.036,0.1739,0.0832,0.6957,0,cloth,subject_10
7.19,-0.04,0.071,-0.028,0.1714,0.0895,0.6961,0,cloth,subject_10
7.2,-0.052,0.088,-0.015,0.1689,0.0954,0.6964,0,cloth,subject_10
7.21,-0.081,0.038,0,0.1686,0.0995,0.697,0,cloth,subject_10
7.22,-0.083,0.018,-0.006,0.1696,0.1013,0.6978,0,cloth,subject_10
7.23,-0.122,0.03,-0.008,0.1716,0.1012,0.6985,0,cloth,subject_10
7.24,-0.093,-0.007,-0.021,0.174,0.0995,0.6989,0,cloth,subject_10
7.25,-0.074,-0.008,-0.036,0.1773,0.0958,0.6989,0,cloth,subject_10
7.26,-0.033,-0.023,-0.03,0.1809,0.0904,0.6985,0,cloth,subject_10
7.27,-0.061,-0.013,-0.044,0.1841,0.0844,0.6978,0,cloth,subject_10
7.28,0.03,-0.056,-0.052,0.1867,0.0787,0.6968,0,cloth,subject_10
7.29,0.082,-0.053,-0.007,0.1863,0.0742,0.6954,0,cloth,subject_10
7.3,0.164,0,0.069,0.1833,0.0718,0.6938,0,cloth,subject_10
7.31,0.153,0.022,0.135,0.1815,0.07,0.6926,0,cloth,subject_10
7.32,0.064,0.038,0.178,0.1819,0.0659,0.6921,0,cloth,subject_10
7.33,0.029,0.102,0.166,0.185,0.0575,0.6926,0,cloth,subject_10
7.34,0.11,0.074,0.095,0.1961,0.0427,0.6928,0,cloth,subject_10
7.35,0.049,-0.054,-0.006,0.2132,0.0214,0.6918,0,cloth,subject_10
7.36,0.038,-0.198,-0.072,0.232,-0.0003,0.6893,0,cloth,subject_10
7.37,-0.01,-0.41,-0.126,0.2458,-0.0182,0.6855,0,cloth,subject_10
7.38,0.026,-0.342,-0.038,0.253,-0.0299,0.6803,0,cloth,subject_10
7.39,-0.025,-0.229,0.158,0.2552,-0.0375,0.6737,0,cloth,subject_10
7.4,-0.082,-0.124,0.227,0.2562,-0.0466,0.6651,0,cloth,subject_10
7.41,-0.115,-0.1,0.206,0.2593,-0.0601,0.6555,0,cloth,subject_10
7.42,-0.114,-0.007,0.152,0.2657,-0.0788,0.6449,0,cloth,subject_10
7.43,-0.147,0.107,0.106,0.2745,-0.1017,0.6336,0,cloth,subject_10
7.44,-0.129,0.208,-0.01,0.2859,-0.1281,0.6217,0,cloth,subject_10
7.45,-0.024,0.343,-0.086,0.3013,-0.1564,0.6089,0,cloth,subject_10
7.46,-0.032,0.294,-0.073,0.3196,-0.1842,0.5947,0,cloth,subject_10
7.47,-0.078,0.27,0.019,0.3385,-0.2094,0.5804,0,cloth,subject_10
7.48,-0.092,0.171,0.051,0.3555,-0.2316,0.5671,0,cloth,subject_10
7.49,-0.123,0.128,0.064,0.3674,-0.2488,0.5566,0,cloth,subject_10
7.5,-0.105,0.128,0.089,0.3762,-0.2631,0.5485,0,cloth,subject_10
7.51,-0.069,0.091,0.105,0.3841,-0.277,0.542,0,cloth,subject_10
7.52,-0.083,-0.044,0.087,0.3916,-0.291,0.537,0,cloth,subject_10
7.53,-0.049,-0.103,0.122,0.3959,-0.3043,0.5336,0,cloth,subject_10
7.54,0.021,0.003,0.087,0.3963,-0.3171,0.532,0,cloth,subject_10
7.55,-0.021,-0.08,0.009,0.3934,-0.3291,0.5323,0,cloth,subject_10
7.56,-0.023,-0.027,0.067,0.3864,-0.3393,0.5354,0,cloth,subject_10
7.57,0.015,0.1,0.108,0.3768,-0.3488,0.5405,0,cloth,subject_10
7.58,-0.003,0.122,0.083,0.3675,-0.3593,0.5462,0,cloth,subject_10
7.59,-0.057,0.067,0.025,0.3601,-0.3708,0.5523,0,cloth,subject_10
7.6,-0.071,0.026,-0.021,0.3527,-0.3816,0.5595,0,cloth,subject_10
7.61,-0.027,0.029,-0.046,0.3446,-0.3908,0.5676,0,cloth,subject_10
7.62,0.013,0.063,-0.025,0.3362,-0.3987,0.5762,0,cloth,subject_10
7.63,0.082,0.048,-0.038,0.3281,-0.4056,0.5845,0,cloth,subject_10
7.64,0.11,-0.039,0.001,0.3202,-0.4109,0.5928,0,cloth,subject_10
7.65,0.146,-0.132,0.069,0.3107,-0.4122,0.6024,0,cloth,subject_10
7.66,0.21,-0.097,0.085,0.2995,-0.4095,0.6127,0,cloth,subject_10
7.67,0.277,-0.166,0.095,0.2896,-0.405,0.622,0,cloth,subject_10
7.68,0.286,-0.27,0.202,0.2807,-0.3987,0.6295,0,cloth,subject_10
7.69,0.306,-0.286,0.282,0.2714,-0.3901,0.6357,0,cloth,subject_10
7.7,0.357,-0.312,0.181,0.2602,-0.3793,0.641,0,cloth,subject_10
7.71,0.371,-0.316,0.138,0.2476,-0.3664,0.645,0,cloth,subject_10
7.72,0.416,-0.23,0.148,0.2351,-0.3518,0.6473,0,cloth,subject_10
7.73,0.536,-0.243,0.111,0.225,-0.3371,0.6468,0,cloth,subject_10
7.74,0.615,-0.434,0.07,0.2184,-0.3212,0.6438,0,cloth,subject_10
7.75,0.546,-0.43,-0.004,0.212,-0.3,0.6385,0,cloth,subject_10
7.76,0.789,-0.138,-0.301,0.2049,-0.2727,0.6297,0,cloth,subject_10
7.77,1.043,-0.135,-0.58,0.2023,-0.2432,0.6155,0,cloth,subject_10
7.78,1.025,0.023,-0.954,0.2065,-0.2128,0.5955,0,cloth,subject_10
7.79,0.871,-0.007,-1.237,0.2198,-0.1813,0.5693,0,cloth,subject_10
7.8,0.602,-0.071,-1.211,0.2339,-0.1441,0.5395,0,cloth,subject_10
7.81,0.433,0.228,-1.274,0.2406,-0.1005,0.5075,0,cloth,subject_10
7.82,0.413,0.436,-1.332,0.2458,-0.0576,0.4735,0,cloth,subject_10
7.83,0.359,0.537,-1.097,0.2527,-0.0198,0.4396,0,cloth,subject_10
7.84,0.214,0.638,-0.862,0.2593,0.0103,0.4099,0,cloth,subject_10
7.85,-0.068,0.417,-0.701,0.2629,0.0307,0.3878,0,cloth,subject_10
7.86,-0.257,0.23,-0.475,0.2591,0.0423,0.373,0,cloth,subject_10
7.87,-0.301,0.296,-0.318,0.2506,0.0434,0.364,0,cloth,subject_10
7.88,-0.387,0.27,-0.313,0.2428,0.0335,0.3628,0,cloth,subject_10
7.89,-0.655,0.051,-0.237,0.2451,0.013,0.3713,0,cloth,subject_10
7.9,-0.959,-0.318,0.296,0.2587,-0.015,0.3853,0,cloth,subject_10
7.91,-1.172,-1.181,0.322,0.2758,-0.0519,0.4,0,cloth,subject_10
7.92,-1.039,-1.052,0.211,0.2858,-0.0926,0.4138,0,cloth,subject_10
7.93,-0.821,-0.751,0.364,0.295,-0.133,0.4248,0,cloth,subject_10
7.94,-0.341,-0.364,0.45,0.3141,-0.1764,0.4293,0,cloth,subject_10
7.95,-0.08,-0.386,0.6,0.3395,-0.2185,0.428,0,cloth,subject_10
7.96,0.078,-0.155,0.613,0.3565,-0.2513,0.4283,0,cloth,subject_10
7.97,0.102,-0.075,0.474,0.3627,-0.2747,0.4327,0,cloth,subject_10
7.98,0.232,0.051,0.203,0.363,-0.2918,0.439,0,cloth,subject_10
7.99,0.233,0.081,0.15,0.3633,-0.3039,0.4435,0,cloth,subject_10
8,0.181,0.029,0.188,0.3648,-0.3111,0.4452,0,cloth,subject_10
8.01,0.108,-0.069,0.153,0.364,-0.3139,0.446,0,cloth,subject_10
8.02,0.063,-0.078,0.115,0.3571,-0.3119,0.4475,0,cloth,subject_10
8.03,-0.026,-0.08,0.098,0.3468,-0.3068,0.4496,0,cloth,subject_10
8.04,-0.01,0.016,0.059,0.3361,-0.3024,0.4507,0,cloth,subject_10
8.05,-0.08,-0.024,0.031,0.3283,-0.3005,0.4504,0,cloth,subject_10
8.06,-0.093,0.008,0.025,0.3232,-0.3006,0.4499,0,cloth,subject_10
8.07,-0.188,-0.089,0.118,0.3168,-0.3019,0.4504,0,cloth,subject_10
8.08,-0.166,0.061,0.122,0.3085,-0.3045,0.4525,0,cloth,subject_10
8.09,-0.168,0.105,0.034,0.3018,-0.309,0.4553,0,cloth,subject_10
8.1,-0.064,0.24,-0.14,0.2995,-0.3156,0.4572,0,cloth,subject_10
8.11,-0.002,0.134,-0.193,0.3041,-0.3252,0.4576,0,cloth,subject_10
8.12,0.088,-0.184,-0.1,0.3115,-0.3353,0.4574,0,cloth,subject_10
8.13,0.167,-0.195,0.03,0.318,-0.3461,0.4567,0,cloth,subject_10
8.14,0.349,-0.202,-0.099,0.3245,-0.3587,0.4534,0,cloth,subject_10
8.15,0.454,-0.186,-0.246,0.3338,-0.3744,0.4449,0,cloth,subject_10
8.16,0.547,-0.042,-0.241,0.3474,-0.3935,0.4296,0,cloth,subject_10
8.17,0.471,-0.133,-0.05,0.3639,-0.4148,0.4084,0,cloth,subject_10
8.18,0.379,-0.13,0.072,0.3746,-0.4347,0.387,0,cloth,subject_10
8.19,0.327,0.125,-0.035,0.3757,-0.4502,0.3676,0,cloth,subject_10
8.2,0.295,0.413,-0.041,0.3736,-0.4619,0.3485,0,cloth,subject_10
8.21,0.24,0.542,0,0.3763,-0.4713,0.3273,0,cloth,subject_10
8.22,0.137,0.456,0.014,0.3845,-0.4778,0.306,0,cloth,subject_10
8.23,0.031,0.453,0.06,0.3947,-0.4803,0.2878,0,cloth,subject_10
8.24,-0.063,0.384,0.054,0.4061,-0.4788,0.2737,0,cloth,subject_10
8.25,-0.14,0.373,0.041,0.4195,-0.474,0.2633,0,cloth,subject_10
8.26,-0.213,0.174,-0.034,0.4366,-0.4658,0.2558,0,cloth,subject_10
8.27,-0.233,0.047,-0.061,0.4541,-0.4559,0.2507,0,cloth,subject_10
8.28,-0.281,-0.051,0.022,0.4683,-0.4446,0.2495,0,cloth,subject_10
8.29,-0.266,-0.124,0.031,0.478,-0.4328,0.2522,0,cloth,subject_10
8.3,-0.21,-0.045,-0.048,0.4839,-0.4213,0.2574,0,cloth,subject_10
8.31,-0.153,0.052,-0.104,0.4876,-0.4093,0.2643,0,cloth,subject_10
8.32,-0.133,0.013,-0.132,0.4916,-0.3978,0.2716,0,cloth,subject_10
8.33,-0.085,-0.003,-0.061,0.4969,-0.3874,0.2789,0,cloth,subject_10
8.34,-0.013,-0.068,-0.074,0.5027,-0.3788,0.2858,0,cloth,subject_10
8.35,0.018,-0.172,-0.061,0.5069,-0.3708,0.293,0,cloth,subject_10
8.36,0.053,-0.158,0.028,0.5082,-0.3632,0.3,0,cloth,subject_10
8.37,0.111,-0.081,0.095,0.5088,-0.3579,0.3051,0,cloth,subject_10
8.38,0.141,-0.194,0.15,0.511,-0.3561,0.3077,0,cloth,subject_10
8.39,0.195,-0.263,0.233,0.5133,-0.3579,0.3085,0,cloth,subject_10
8.4,0.218,-0.252,0.257,0.5134,-0.3627,0.3084,0,cloth,subject_10
8.41,0.223,-0.21,0.236,0.5104,-0.37,0.3077,0,cloth,subject_10
8.42,0.221,-0.124,0.227,0.5043,-0.3794,0.3066,0,cloth,subject_10
8.43,0.223,0.009,0.179,0.4957,-0.3905,0.3048,0,cloth,subject_10
8.44,0.197,0.048,0.112,0.4819,-0.4016,0.3051,0,cloth,subject_10
8.45,0.272,0.256,-0.13,0.4614,-0.4097,0.3094,0,cloth,subject_10
8.46,0.267,0.403,-0.308,0.4413,-0.4156,0.3143,0,cloth,subject_10
8.47,0.206,0.565,-0.28,0.4272,-0.4191,0.317,0,cloth,subject_10
8.48,0.104,0.304,-0.204,0.4254,-0.4217,0.3147,0,cloth,subject_10
8.49,0.019,0.084,-0.156,0.4294,-0.4227,0.3105,0,cloth,subject_10
8.5,-0.047,-0.008,-0.23,0.431,-0.4198,0.3083,0,cloth,subject_10
8.51,-0.074,-0.04,-0.202,0.4298,-0.4131,0.3077,0,cloth,subject_10
8.52,-0.164,-0.072,-0.033,0.4272,-0.4035,0.3076,0,cloth,subject_10
8.53,-0.182,-0.085,0.117,0.4257,-0.3947,0.3065,0,cloth,subject_10
8.54,-0.15,-0.143,0.151,0.4274,-0.3894,0.303,0,cloth,subject_10
8.55,-0.088,-0.154,0.224,0.4328,-0.389,0.2958,0,cloth,subject_10
8.56,0.009,-0.171,0.24,0.4422,-0.394,0.2847,0,cloth,subject_10
8.57,0.079,-0.067,0.196,0.4516,-0.4023,0.2723,0,cloth,subject_10
8.58,0.111,0.076,0.121,0.4587,-0.412,0.2609,0,cloth,subject_10
8.59,0.115,0.224,0.053,0.4628,-0.4206,0.2519,0,cloth,subject_10
8.6,0.104,0.342,0.01,0.4645,-0.4263,0.2464,0,cloth,subject_10
8.61,0.086,0.433,0.021,0.4643,-0.4283,0.2455,0,cloth,subject_10
8.62,0.032,0.387,-0.047,0.4629,-0.4265,0.2498,0,cloth,subject_10
8.63,-0.041,0.287,-0.131,0.4602,-0.4204,0.2591,0,cloth,subject_10
8.64,-0.09,-0.091,-0.206,0.4581,-0.4114,0.2694,0,cloth,subject_10
8.65,-0.147,-0.347,-0.109,0.4574,-0.4012,0.2776,0,cloth,subject_10
8.66,-0.11,-0.363,-0.041,0.4582,-0.3929,0.2815,0,cloth,subject_10
8.67,-0.013,-0.189,-0.016,0.4626,-0.3877,0.2802,0,cloth,subject_10
8.68,0.053,-0.048,0.063,0.4705,-0.3863,0.274,0,cloth,subject_10
8.69,0.095,-0.059,0.105,0.4781,-0.3869,0.2669,0,cloth,subject_10
8.7,0.119,0.09,0.139,0.481,-0.3877,0.263,0,cloth,subject_10
8.71,0.141,0.204,0.097,0.48,-0.3885,0.2624,0,cloth,subject_10
8.72,0.199,0.317,0.045,0.4779,-0.3894,0.2639,0,cloth,subject_10
8.73,0.199,0.368,-0.005,0.4773,-0.3902,0.2664,0,cloth,subject_10
8.74,0.163,0.324,-0.085,0.4793,-0.3901,0.2692,0,cloth,subject_10
8.75,0.093,0.195,-0.046,0.4825,-0.3883,0.2732,0,cloth,subject_10
8.76,0.02,-0.06,-0.039,0.4832,-0.3845,0.2792,0,cloth,subject_10
8.77,0.018,-0.025,-0.011,0.4793,-0.3787,0.2877,0,cloth,subject_10
8.78,0.024,0.122,0.019,0.4762,-0.3733,0.2943,0,cloth,subject_10
8.79,0.041,-0.068,-0.039,0.4818,-0.3713,0.2951,0,cloth,subject_10
8.8,0.05,-0.217,0.01,0.493,-0.372,0.2924,0,cloth,subject_10
8.81,0.062,-0.246,0.116,0.5027,-0.3736,0.2884,0,cloth,subject_10
8.82,0.103,-0.115,0.152,0.5094,-0.3765,0.2843,0,cloth,subject_10
8.83,0.121,-0.015,0.079,0.5139,-0.3808,0.2801,0,cloth,subject_10
8.84,0.12,0.053,0,0.5173,-0.3855,0.2765,0,cloth,subject_10
8.85,0.026,0.176,0.118,0.5199,-0.3893,0.2737,0,cloth,subject_10
8.86,0.038,0.282,0.093,0.5217,-0.3912,0.2739,0,cloth,subject_10
8.87,0.031,0.206,0.057,0.5245,-0.3922,0.2752,0,cloth,subject_10
8.88,0.029,0.088,0.007,0.5279,-0.3922,0.2776,0,cloth,subject_10
8.89,0.011,0.069,-0.006,0.5297,-0.3903,0.2822,0,cloth,subject_10
8.9,0.005,0.046,0.052,0.5294,-0.3864,0.2885,0,cloth,subject_10
8.91,0.015,0.14,0.137,0.5267,-0.381,0.2972,0,cloth,subject_10
8.92,-0.007,0.081,0.08,0.5231,-0.3745,0.3078,0,cloth,subject_10
8.93,-0.063,-0.227,-0.068,0.5204,-0.367,0.319,0,cloth,subject_10
8.94,-0.06,-0.51,-0.022,0.5132,-0.3583,0.3307,0,cloth,subject_10
8.95,-0.017,-0.291,0.034,0.5007,-0.349,0.3414,0,cloth,subject_10
8.96,0.099,-0.067,0.013,0.4898,-0.3427,0.3475,0,cloth,subject_10
8.97,0.108,0.066,0.039,0.4858,-0.3405,0.3477,0,cloth,subject_10
8.98,0.106,-0.037,-0.046,0.4877,-0.341,0.344,0,cloth,subject_10
8.99,0.061,-0.024,0.133,0.4896,-0.3414,0.3402,0,cloth,subject_10
9,0.067,0.043,0.177,0.4893,-0.3413,0.3385,0,cloth,subject_10
9.01,0.048,0.041,0.013,0.4848,-0.34,0.3398,0,cloth,subject_10
9.02,0.042,0.203,0.006,0.4757,-0.337,0.3442,0,cloth,subject_10
9.03,0.068,0.387,-0.007,0.4675,-0.3335,0.3499,0,cloth,subject_10
9.04,0.113,0.421,-0.036,0.466,-0.3318,0.3546,0,cloth,subject_10
9.05,0.148,0.233,-0.037,0.4719,-0.3322,0.3572,0,cloth,subject_10
9.06,0.205,0.031,-0.043,0.4808,-0.3334,0.3585,0,cloth,subject_10
9.07,0.261,-0.037,-0.052,0.4859,-0.3326,0.3614,0,cloth,subject_10
9.08,0.28,0.004,-0.055,0.4853,-0.3293,0.3657,0,cloth,subject_10
9.09,0.284,0.111,-0.03,0.4815,-0.324,0.3705,0,cloth,subject_10
9.1,0.261,0.234,-0.006,0.4777,-0.3172,0.3748,0,cloth,subject_10
9.11,0.199,0.228,-0.044,0.4758,-0.3091,0.3786,0,cloth,subject_10
9.12,0.115,0.217,-0.022,0.4755,-0.2993,0.3822,0,cloth,subject_10
9.13,-0.048,-0.113,0.007,0.476,-0.288,0.3864,0,cloth,subject_10
9.14,-0.149,-0.29,0.115,0.4739,-0.2745,0.3921,0,cloth,subject_10
9.15,-0.163,-0.11,0.132,0.4661,-0.2616,0.3982,0,cloth,subject_10
9.16,-0.169,-0.123,0.16,0.4619,-0.2531,0.4014,0,cloth,subject_10
9.17,-0.201,-0.329,0.059,0.4661,-0.2517,0.4005,0,cloth,subject_10
9.18,-0.11,-0.214,0.023,0.472,-0.2533,0.3983,0,cloth,subject_10
9.19,-0.055,-0.085,0.073,0.4766,-0.2559,0.3966,0,cloth,subject_10
9.2,-0.006,0.022,0.021,0.4802,-0.2602,0.3956,0,cloth,subject_10
9.21,0.048,0.112,-0.008,0.4839,-0.2662,0.3947,0,cloth,subject_10
9.22,0.103,0.141,-0.039,0.488,-0.2733,0.3938,0,cloth,subject_10
9.23,0.146,0.16,-0.065,0.4929,-0.2801,0.3933,0,cloth,subject_10
9.24,0.168,0.178,-0.04,0.4978,-0.2855,0.3939,0,cloth,subject_10
9.25,0.182,0.171,-0.043,0.5024,-0.2894,0.3951,0,cloth,subject_10
9.26,0.196,0.183,-0.059,0.5068,-0.2918,0.3969,0,cloth,subject_10
9.27,0.179,0.142,-0.061,0.5118,-0.2929,0.3986,0,cloth,subject_10
9.28,0.146,0.04,-0.044,0.5174,-0.2926,0.4001,0,cloth,subject_10
9.29,0.125,-0.112,-0.071,0.5226,-0.2911,0.4014,0,cloth,subject_10
9.3,0.028,-0.096,0.05,0.5263,-0.2884,0.4021,0,cloth,subject_10
9.31,-0.006,0.04,0.136,0.5299,-0.2856,0.4023,0,cloth,subject_10
9.32,-0.009,0.023,0.133,0.5362,-0.2845,0.4017,0,cloth,subject_10
9.33,0.002,-0.023,0.113,0.5436,-0.2848,0.401,0,cloth,subject_10
9.34,0.008,-0.132,0.139,0.5499,-0.2852,0.4015,0,cloth,subject_10
9.35,0.004,-0.185,0.174,0.5533,-0.2857,0.4033,0,cloth,subject_10
9.36,0.06,-0.156,0.066,0.5551,-0.2877,0.4048,0,cloth,subject_10
9.37,0.105,-0.065,-0.008,0.5561,-0.2909,0.4052,0,cloth,subject_10
9.38,0.12,0.017,0.01,0.5574,-0.2948,0.4047,0,cloth,subject_10
9.39,0.127,0.036,0.013,0.5587,-0.2987,0.4038,0,cloth,subject_10
9.4,0.123,0.109,0.038,0.5589,-0.301,0.4037,0,cloth,subject_10
9.41,0.108,0.096,0.018,0.5581,-0.3021,0.4044,0,cloth,subject_10
9.42,0.09,0.077,-0.006,0.556,-0.3017,0.4059,0,cloth,subject_10
9.43,0.07,0.07,0.019,0.5533,-0.2996,0.4085,0,cloth,subject_10
9.44,0.056,-0.012,0.017,0.551,-0.2971,0.4111,0,cloth,subject_10
9.45,0.026,-0.089,0.028,0.5493,-0.2947,0.4132,0,cloth,subject_10
9.46,0.024,-0.164,0.023,0.5477,-0.2929,0.4145,0,cloth,subject_10
9.47,0.047,-0.132,0.026,0.546,-0.2921,0.415,0,cloth,subject_10
9.48,0.07,-0.046,-0.01,0.5444,-0.2925,0.4143,0,cloth,subject_10
9.49,0.079,0.001,-0.025,0.5437,-0.294,0.4129,0,cloth,subject_10
9.5,0.072,0.04,-0.05,0.5433,-0.2957,0.411,0,cloth,subject_10
9.51,0.049,0.062,-0.028,0.543,-0.2969,0.4095,0,cloth,subject_10
9.52,0.062,0.093,-0.026,0.5428,-0.298,0.4084,0,cloth,subject_10
9.53,0.062,0.097,-0.07,0.5438,-0.2993,0.4068,0,cloth,subject_10
9.54,0.064,0.12,-0.063,0.546,-0.3004,0.405,0,cloth,subject_10
9.55,0.048,0.113,-0.006,0.55,-0.3018,0.4028,0,cloth,subject_10
9.56,0.027,0.004,0.023,0.555,-0.3028,0.4007,0,cloth,subject_10
9.57,0.012,-0.052,0.05,0.558,-0.3026,0.3996,0,cloth,subject_10
9.58,0.004,-0.041,0.147,0.5579,-0.3011,0.4001,0,cloth,subject_10
9.59,0.009,-0.082,0.196,0.5549,-0.2993,0.402,0,cloth,subject_10
9.6,0.04,-0.077,0.157,0.5482,-0.297,0.4056,0,cloth,subject_10
9.61,0.045,-0.041,0.117,0.5387,-0.2946,0.4107,0,cloth,subject_10
9.62,0.027,-0.105,0.118,0.5272,-0.2917,0.4168,0,cloth,subject_10
9.63,0.051,-0.114,0.081,0.5118,-0.2876,0.4241,0,cloth,subject_10
9.64,0.057,-0.113,0.069,0.492,-0.2818,0.4329,0,cloth,subject_10
9.65,0.081,-0.179,0.064,0.4673,-0.2745,0.4434,0,cloth,subject_10
9.66,0.119,-0.02,-0.119,0.4369,-0.2642,0.4551,0,cloth,subject_10
9.67,0.137,0.203,-0.29,0.4054,-0.2511,0.4668,0,cloth,subject_10
9.68,0.094,0.366,-0.356,0.3786,-0.2372,0.4769,0,cloth,subject_10
9.69,0.044,0.388,-0.339,0.3608,-0.2245,0.4845,0,cloth,subject_10
9.7,0.015,0.357,-0.285,0.3556,-0.2152,0.4886,0,cloth,subject_10
9.71,0.065,0.389,-0.269,0.3646,-0.2109,0.4893,0,cloth,subject_10
9.72,0.079,0.465,-0.246,0.3881,-0.212,0.4868,0,cloth,subject_10
9.73,0.059,0.438,-0.323,0.4262,-0.219,0.4808,0,cloth,subject_10
9.74,0,0.117,-0.355,0.474,-0.2299,0.4721,0,cloth,subject_10
9.75,-0.038,-0.133,-0.318,0.522,-0.2403,0.4627,0,cloth,subject_10
9.76,-0.119,-0.566,-0.218,0.5633,-0.2482,0.4542,0,cloth,subject_10
9.77,-0.182,-0.693,0.256,0.5871,-0.2483,0.4521,0,cloth,subject_10
9.78,-0.108,-0.862,0.307,0.5838,-0.2372,0.461,0,cloth,subject_10
9.79,0.001,-0.546,0.03,0.551,-0.2132,0.4782,0,cloth,subject_10
9.8,-0.011,-0.292,0.049,0.4978,-0.1801,0.4976,0,cloth,subject_10
9.81,0.078,-0.061,0.068,0.435,-0.1448,0.5153,0,cloth,subject_10
9.82,0.13,0.44,0.059,0.3796,-0.1142,0.5283,0,cloth,subject_10
9.83,0.106,0.604,0.068,0.3553,-0.1011,0.5345,0,cloth,subject_10
9.84,0.041,0.375,0.074,0.3675,-0.1092,0.5348,0,cloth,subject_10
9.85,-0.015,-0.098,0.092,0.4021,-0.1317,0.5308,0,cloth,subject_10
9.86,-0.028,-0.294,0.155,0.437,-0.1566,0.5247,0,cloth,subject_10
9.87,0.005,-0.394,0.113,0.4573,-0.1747,0.5208,0,cloth,subject_10
9.88,0.051,-0.197,0.019,0.4574,-0.1805,0.5212,0,cloth,subject_10
9.89,0.085,0.179,-0.017,0.4457,-0.1785,0.5238,0,cloth,subject_10
9.9,0.066,0.309,-0.093,0.4399,-0.178,0.5247,0,cloth,subject_10
9.91,0.057,0.165,-0.114,0.445,-0.1827,0.5228,0,cloth,subject_10
9.92,0.035,-0.037,-0.097,0.4567,-0.1901,0.5185,0,cloth,subject_10
9.93,0.024,-0.063,-0.045,0.4675,-0.1958,0.5146,0,cloth,subject_10
9.94,0.039,-0.007,-0.013,0.4735,-0.1985,0.5122,0,cloth,subject_10
9.95,0.04,0.044,-0.008,0.4762,-0.1991,0.5113,0,cloth,subject_10
9.96,0.051,0.045,-0.023,0.4779,-0.1989,0.5112,0,cloth,subject_10
9.97,0.051,-0.01,-0.053,0.4793,-0.1986,0.5111,0,cloth,subject_10
9.98,0.024,-0.015,0.001,0.48,-0.1977,0.511,0,cloth,subject_10
9.99,0.028,-0.022,0.046,0.4803,-0.197,0.5108,0,cloth,subject_10
10,0.041,-0.005,0.022,0.4803,-0.1966,0.5111,0,cloth,subject_10
10.01,0.03,-0.015,-0.026,0.4789,-0.1957,0.5119,0,cloth,subject_10
10.02,0.059,0.005,-0.042,0.4764,-0.1943,0.5126,0,cloth,subject_10
10.03,0.061,0.057,-0.013,0.4737,-0.1924,0.5134,0,cloth,subject_10
10.04,0.055,0.064,0.011,0.4727,-0.191,0.5138,0,cloth,subject_10
10.05,0.055,-0.009,-0.018,0.474,-0.1908,0.5138,0,cloth,subject_10
10.06,0.042,-0.004,0.015,0.4744,-0.1897,0.514,0,cloth,subject_10
10.07,0.04,-0.035,0.023,0.474,-0.188,0.5146,0,cloth,subject_10
10.08,0.02,-0.005,0.086,0.472,-0.1857,0.5157,0,cloth,subject_10
10.09,0.044,0.005,0.032,0.4697,-0.1839,0.5166,0,cloth,subject_10
10.1,0.031,0.027,0.019,0.4681,-0.1828,0.517,0,cloth,subject_10
10.11,0.046,0.022,-0.007,0.4681,-0.1826,0.5168,0,cloth,subject_10
10.12,0.035,-0.031,0.013,0.4688,-0.1826,0.5165,0,cloth,subject_10
10.13,0.035,-0.033,0.017,0.4684,-0.1821,0.5161,0,cloth,subject_10
10.14,0.049,0.025,0.014,0.4677,-0.1815,0.5158,0,cloth,subject_10
10.15,0.032,0,0.019,0.4678,-0.1815,0.5152,0,cloth,subject_10
10.16,0.037,0.006,-0.006,0.4685,-0.1819,0.5144,0,cloth,subject_10
10.17,0.041,0.015,-0.009,0.4689,-0.1819,0.5138,0,cloth,subject_10
10.18,0.042,0.051,0.03,0.4685,-0.1816,0.5134,0,cloth,subject_10
10.19,0.037,0.057,0.003,0.4677,-0.1807,0.5136,0,cloth,subject_10
10.2,0.009,0.022,0.028,0.4671,-0.1796,0.5142,0,cloth,subject_10
10.21,0.02,0.009,0.001,0.4678,-0.1796,0.5144,0,cloth,subject_10
10.22,0.033,0.02,-0.018,0.4682,-0.1795,0.5145,0,cloth,subject_10
10.23,0.042,0.018,-0.02,0.4697,-0.1799,0.5145,0,cloth,subject_10
10.24,0.024,0.042,0.022,0.4716,-0.1803,0.5141,0,cloth,subject_10
10.25,0.008,-0.025,0.043,0.4742,-0.1812,0.514,0,cloth,subject_10
10.26,0.018,-0.021,-0.014,0.4757,-0.1818,0.5142,0,cloth,subject_10
10.27,0.033,0.007,-0.036,0.476,-0.1816,0.5147,0,cloth,subject_10
10.28,0.038,0.033,-0.021,0.4765,-0.1813,0.5153,0,cloth,subject_10
10.29,0.045,0.023,-0.016,0.4775,-0.1813,0.5157,0,cloth,subject_10
10.3,-0.021,0.131,0.13,0.4781,-0.1807,0.5166,0,cloth,subject_10
10.31,0.009,-0.086,0.05,0.4799,-0.1816,0.5176,0,cloth,subject_10
10.32,0.037,0.009,0.002,0.48,-0.1821,0.5189,0,cloth,subject_10
10.33,0.049,-0.014,-0.009,0.4798,-0.1823,0.5202,0,cloth,subject_10
10.34,0.04,-0.03,0.003,0.4799,-0.1826,0.5211,0,cloth,subject_10
10.35,0.046,-0.052,0.021,0.4799,-0.183,0.5214,0,cloth,subject_10
10.36,0.058,-0.048,0.035,0.4789,-0.1834,0.5213,0,cloth,subject_10
10.37,0.081,-0.03,0.061,0.4765,-0.1835,0.5215,0,cloth,subject_10
10.38,0.102,0.012,0.044,0.4725,-0.1832,0.5218,0,cloth,subject_10
10.39,0.119,0.059,0.037,0.4684,-0.1822,0.5227,0,cloth,subject_10
10.4,0.129,0.039,-0.001,0.4645,-0.1807,0.524,0,cloth,subject_10
10.41,0.138,0.056,0,0.4603,-0.1785,0.5252,0,cloth,subject_10
10.42,0.138,0.05,0.01,0.4561,-0.1752,0.5269,0,cloth,subject_10
10.43,0.143,-0.012,-0.051,0.4499,-0.1707,0.5291,0,cloth,subject_10
10.44,0.124,-0.274,-0.17,0.4368,-0.1616,0.5332,0,cloth,subject_10
10.45,0.127,-0.166,-0.23,0.4083,-0.1423,0.5402,0,cloth,subject_10
10.46,0.167,-0.072,-0.253,0.3655,-0.1137,0.5484,0,cloth,subject_10
10.47,0.177,0.258,-0.224,0.3187,-0.0805,0.5548,0,cloth,subject_10
10.48,0.047,0.361,-0.11,0.2838,-0.0521,0.5575,0,cloth,subject_10
10.49,-0.044,0.376,-0.012,0.2723,-0.0363,0.5572,0,cloth,subject_10
10.5,-0.102,0.181,0.084,0.2841,-0.0348,0.5552,0,cloth,subject_10
10.51,-0.101,0.11,0.073,0.3096,-0.0422,0.5523,0,cloth,subject_10
10.52,-0.186,-0.212,0.059,0.3382,-0.0519,0.5493,0,cloth,subject_10
10.53,-0.219,-0.396,0.112,0.3541,-0.0567,0.5469,0,cloth,subject_10
10.54,-0.124,-0.188,0.002,0.3543,-0.0536,0.5448,0,cloth,subject_10
10.55,-0.066,0.108,-0.008,0.3499,-0.0474,0.5429,0,cloth,subject_10
10.56,-0.061,0.263,0.058,0.3479,-0.0434,0.5416,0,cloth,subject_10
10.57,-0.035,0.193,0.064,0.3499,-0.0415,0.5414,0,cloth,subject_10
10.58,-0.023,0.111,0.095,0.3553,-0.0418,0.5417,0,cloth,subject_10
10.59,0.002,-0.012,0.047,0.3634,-0.0447,0.5421,0,cloth,subject_10
10.6,0,-0.079,-0.009,0.3727,-0.0488,0.5421,0,cloth,subject_10
10.61,0.038,-0.146,-0.05,0.3797,-0.0519,0.5417,0,cloth,subject_10
10.62,0.067,-0.063,-0.003,0.3825,-0.0527,0.5415,0,cloth,subject_10
10.63,0.057,-0.036,0.023,0.3825,-0.0523,0.5415,0,cloth,subject_10
10.64,0.043,-0.023,0.039,0.3819,-0.0516,0.5416,0,cloth,subject_10
10.65,0.006,-0.077,0.047,0.3799,-0.0505,0.5418,0,cloth,subject_10
10.66,0.016,0.087,0.069,0.3741,-0.0471,0.5431,0,cloth,subject_10
10.67,0.033,0.116,0.015,0.3671,-0.0429,0.5454,0,cloth,subject_10
10.68,0.036,-0.002,0.024,0.3644,-0.0412,0.5472,0,cloth,subject_10
10.69,0.053,-0.028,0.078,0.3644,-0.0418,0.5481,0,cloth,subject_10
10.7,0.062,-0.043,0.036,0.3643,-0.0426,0.5485,0,cloth,subject_10
10.71,0.079,-0.02,0.005,0.364,-0.0434,0.5484,0,cloth,subject_10
10.72,0.067,0.032,0.005,0.3631,-0.0434,0.5485,0,cloth,subject_10
10.73,0.045,-0.01,-0.021,0.3616,-0.0429,0.5484,0,cloth,subject_10
10.74,0.023,0.061,0.056,0.3593,-0.0416,0.5485,0,cloth,subject_10
10.75,0.02,0.161,0.049,0.3554,-0.0393,0.5497,0,cloth,subject_10
10.76,0.01,0.128,-0.008,0.3519,-0.0371,0.5517,0,cloth,subject_10
10.77,-0.019,-0.046,-0.025,0.3511,-0.0369,0.5536,0,cloth,subject_10
10.78,-0.017,-0.099,-0.007,0.3525,-0.038,0.5543,0,cloth,subject_10
10.79,0.003,-0.117,0.033,0.3549,-0.0396,0.5543,0,cloth,subject_10
10.8,0.048,-0.073,-0.019,0.3569,-0.0415,0.5534,0,cloth,subject_10
10.81,0.047,-0.02,-0.038,0.3579,-0.0424,0.5526,0,cloth,subject_10
10.82,0.054,0.035,-0.033,0.3588,-0.0434,0.5511,0,cloth,subject_10
10.83,0.038,0.017,-0.012,0.3605,-0.0445,0.5495,0,cloth,subject_10
10.84,0.021,-0.013,0.016,0.3628,-0.0457,0.5479,0,cloth,subject_10
10.85,0.006,0.065,0.038,0.3628,-0.0458,0.5468,0,cloth,subject_10
10.86,-0.003,0.121,0.06,0.3605,-0.0442,0.5469,0,cloth,subject_10
10.87,-0.013,0.134,0.068,0.3589,-0.0434,0.5476,0,cloth,subject_10
10.88,-0.004,0.07,0.011,0.3581,-0.0434,0.5489,0,cloth,subject_10
10.89,0.003,0.002,-0.016,0.3597,-0.0448,0.5499,0,cloth,subject_10
10.9,0.016,-0.013,-0.017,0.3633,-0.0472,0.5504,0,cloth,subject_10
10.91,0.014,-0.046,0.011,0.3677,-0.05,0.5506,0,cloth,subject_10
